300
2
0	0.000843170320405
1	0.00101419878296
2	0.000653594771242
3	0.0010460251046
4	0.000741839762611
5	0.000871839581517
6	0.000664893617021
7	0.000914913083257
8	0.001001001001
9	0.000554938956715
10	0.000746268656716
11	0.000720461095101
12	0.000840336134454
13	0.000839630562552
14	0.0008
15	0.000454959053685
16	0.0010152284264
17	0.00074794315632
18	0.000530785562633
19	0.000493096646943
20	0.000671591672263
21	0.000952380952381
22	0.000658327847268
23	0.000801282051282
24	0.000763941940413
25	0.000680272108844
26	0.000769230769231
27	0.000665778961385
28	0.000900090009001
29	0.000934579439252
30	0.000702247191011
31	0.000617665225448
32	0.000805801772764
33	0.00072202166065
34	0.000111024758521
35	0.00645161290323
36	0.000288101411697
37	0.000178157847853
38	0.0128205128205
39	0.0909090909091
40	0.00223713646532
41	0.0666666666667
42	0.0666666666667
43	0.000356887937188
44	0.000388349514563
45	0.0138888888889
46	0.000325520833333
47	0.00892857142857
48	0.25
49	0.00040899795501
50	0.000543773790103
51	0.0151515151515
52	0.00098231827112
53	0.000156985871272
54	0.000122624156959
55	0.00769230769231
56	0.000145053669858
57	0.0434782608696
58	0.000269541778976
59	0.00452488687783
60	0.0434782608696
61	0.000311720698254
62	0.00689655172414
63	0.0454545454545
64	0.00344827586207
65	0.00900900900901
66	0.0149253731343
67	0.000199680511182
68	0.000200120072043
69	0.000455373406193
70	0.000506585612969
71	0.000286697247706
72	0.0020964360587
73	0.0227272727273
74	0.000174155346569
75	0.000900090009001
76	0.00462962962963
77	0.000438981562774
78	0.000469704086426
79	0.000489955903969
80	0.00023629489603
81	0.0333333333333
82	0.000540248514317
83	0.000600961538462
84	0.00082850041425
85	0.047619047619
86	0.000452693526483
87	0.000406173842405
88	0.00100502512563
89	0.000521648408972
90	0.00155763239875
91	0.0116279069767
92	0.00201612903226
93	0.010752688172
94	0.00970873786408
95	0.0161290322581
96	0.000346981263012
97	0.00189753320683
98	0.00155279503106
99	0.0227272727273
100	0.000863557858377
101	0.00026075619296
102	0.000562429696288
103	0.00029429075927
104	0.00161812297735
105	0.000161838485192
106	0.000214592274678
107	0.000250563768479
108	0.00015880578053
109	0.0142857142857
110	0.0046511627907
111	0.00769230769231
112	0.0555555555556
113	0.000211371803001
114	0.000126246686024
115	0.00512820512821
116	7.09924747977e-05
117	0.000540540540541
118	0.000801282051282
119	0.0140845070423
120	0.0140845070423
121	0.0140845070423
122	0.0140845070423
123	0.0140845070423
124	0.0909090909091
125	0.0909090909091
126	0.0909090909091
127	0.1
128	0.0909090909091
129	0.0909090909091
130	0.1
131	0.0909090909091
132	0.0909090909091
133	0.111111111111
134	0.1
135	0.1
136	0.1
137	0.1
138	0.1
139	0.1
140	0.1
141	0.1
142	0.0140845070423
143	0.000284010224368
144	0.000667556742323
145	0.000296208530806
146	0.000478240076518
147	0.000352733686067
148	8.63185153215e-05
149	0.02
150	0.00740740740741
151	0.02
152	0.0192307692308
153	0.000311720698254
154	0.000564334085779
155	0.000377216144851
156	0.00031615554853
157	0.000426803243705
158	0.166666666667
159	0.0384615384615
160	0.000196232339089
161	0.0344827586207
162	0.025
163	0.0003885003885
164	0.000593119810202
165	0.0243902439024
166	0.0126582278481
167	0.000157084511467
168	0.00032195750161
169	0.000504795557799
170	0.00010774701002
171	0.000379939209726
172	0.00833333333333
173	0.0833333333333
174	0.0140845070423
175	0.0140845070423
176	0.0140845070423
177	0.0140845070423
178	0.0140845070423
179	0.0140845070423
180	0.0140845070423
181	0.05
182	0.00467289719626
183	0.0120481927711
184	0.00375939849624
185	0.0222222222222
186	0.0142857142857
187	0.0172413793103
188	0.0434782608696
189	0.0031746031746
190	0.0243902439024
191	0.0769230769231
192	0.000553403431101
193	0.000371747211896
194	0.000478240076518
195	0.00137362637363
196	0.00276243093923
197	0.0192307692308
198	0.00636942675159
199	0.0208333333333
200	0.0232558139535
201	0.0243902439024
202	0.000438981562774
203	0.000267665952891
204	0.000301114122252
205	0.000114142221208
206	7.63417054737e-05
207	0.00020084354288
208	0.000904159132007
209	0.0138888888889
210	0.0333333333333
211	0.000931098696462
212	0.00704225352113
213	0.00438596491228
214	0.0833333333333
215	0.000215238915196
216	0.000101389029707
217	0.000328947368421
218	0.00529100529101
219	0.0227272727273
220	0.000340947834981
221	0.000318066157761
222	0.000180995475113
223	0.00282485875706
224	0.000671591672263
225	0.000363372093023
226	0.000394632991318
227	0.000482625482625
228	0.000302023557838
229	0.00202429149798
230	0.000266240681576
231	0.00035423308537
232	0.00520833333333
233	0.0909090909091
234	0.000523012552301
235	0.000574052812859
236	0.004
237	0.00335570469799
238	0.000944287063267
239	0.000362581580856
240	0.000756429652042
241	0.000302571860817
242	0.00617283950617
243	0.000632911392405
244	0.00074294205052
245	0.0434782608696
246	0.00046468401487
247	0.000152695067949
248	0.000184911242604
249	0.000253613999493
250	0.00925925925926
251	0.000223763705527
252	0.00423728813559
253	0.0344827586207
254	0.0046511627907
255	0.04
256	0.0133333333333
257	0.0018691588785
258	0.0526315789474
259	0.000305064063453
260	0.000296384113811
261	0.166666666667
262	0.000552486187845
263	0.0625
264	0.000432152117545
265	0.00900900900901
266	0.025
267	0.0769230769231
268	0.000515198351365
269	0.000470145745181
270	0.000762776506484
271	0.000240269101394
272	0.00135501355014
273	0.00289855072464
274	0.00301204819277
275	0.00387596899225
276	0.00040338846309
277	0.00680272108844
278	0.00719424460432
279	0.000419639110365
280	8.93974611121e-05
281	0.000211550666385
282	0.000472813238771
283	0.0140845070423
284	0.0140845070423
285	0.0140845070423
286	0.0140845070423
287	0.0140845070423
288	0.00735294117647
289	0.0126582278481
290	0.0384615384615
291	0.00401606425703
292	0.00171821305842
293	0.000343170899108
294	0.000162786911932
295	0.0222222222222
296	0.000967117988395
297	0.000204164965292
298	0.000170823368637
299	0.0357142857143
