3478
0	-1
1	-1	299
2	-1	298
3	-1	298	299
4	-1	297
5	-1	295
6	-1	295	297
7	-1	294
8	-1	293
9	-1	289
10	-1	283
11	-1	282
12	-1	282	283
13	-1	281
14	-1	281	299
15	-1	281	297
16	-1	281	295
17	-1	281	294
18	-1	281	293
19	-1	280
20	-1	280	297
21	-1	280	295
22	-1	280	295	297
23	-1	280	281
24	-1	280	281	294
25	-1	277
26	-1	277	293
27	-1	277	278
28	-1	276
29	-1	274
30	-1	274	275
31	-1	273
32	-1	272
33	-1	272	281
34	-1	272	280
35	-1	272	273	297
36	-1	271
37	-1	271	272
38	-1	270
39	-1	269
40	-1	269	298
41	-1	265
42	-1	265	295
43	-1	265	281
44	-1	263
45	-1	263	295
46	-1	263	293
47	-1	261
48	-1	261	281
49	-1	261	281	295
50	-1	261	281	294
51	-1	260
52	-1	260	272	298
53	-1	258
54	-1	253
55	-1	252
56	-1	252	294
57	-1	252	282
58	-1	252	280
59	-1	250
60	-1	250	282
61	-1	250	281
62	-1	250	277
63	-1	250	265
64	-1	250	263	277
65	-1	249
66	-1	248
67	-1	248	249
68	-1	247
69	-1	247	294
70	-1	247	281
71	-1	247	281	295
72	-1	247	277	282
73	-1	247	277	281
74	-1	247	263	294
75	-1	247	261	294
76	-1	247	261	265
77	-1	247	252
78	-1	247	252	263	295
79	-1	245
80	-1	244
81	-1	244	265
82	-1	242
83	-1	242	280
84	-1	242	250
85	-1	241
86	-1	241	249	272	281
87	-1	240
88	-1	240	282
89	-1	240	249
90	-1	240	242
91	-1	239
92	-1	238
93	-1	237
94	-1	237	263	293
95	-1	236
96	-1	235
97	-1	235	236	260	281
98	-1	235	236	240	250
99	-1	233
100	-1	232	295
101	-1	232	248
102	-1	231	248	281
103	-1	229
104	-1	229	261
105	-1	229	250
106	-1	229	249	299
107	-1	228
108	-1	228	229
109	-1	227
110	-1	227	297
111	-1	227	242	244	271
112	-1	225	274	275
113	-1	225	236	263
114	-1	224
115	-1	224	248	249	258
116	-1	224	229	298
117	-1	223
118	-1	223	295
119	-1	223	294
120	-1	223	293
121	-1	223	272
122	-1	223	270
123	-1	223	269
124	-1	223	235	237	289	296
125	-1	223	227	244	271	281
126	-1	223	226	252	298
127	-1	222
128	-1	222	249
129	-1	221
130	-1	221	247	294
131	-1	219
132	-1	219	230	237	245	250
133	-1	218
134	-1	218	295
135	-1	218	281
136	-1	218	280
137	-1	218	280	282
138	-1	218	269	295
139	-1	218	258	259
140	-1	218	250
141	-1	218	248	280
142	-1	218	239	280
143	-1	218	223
144	-1	218	223	280
145	-1	218	223	248	263
146	-1	217
147	-1	217	299
148	-1	217	298
149	-1	217	295
150	-1	217	294
151	-1	217	281
152	-1	217	272	281
153	-1	217	269
154	-1	217	263
155	-1	217	261
156	-1	217	260
157	-1	217	260	295
158	-1	217	253
159	-1	217	250
160	-1	217	249
161	-1	217	249	281	295
162	-1	217	247
163	-1	217	244
164	-1	217	242
165	-1	217	231	249	281
166	-1	217	229	245
167	-1	217	228	260	295
168	-1	217	228	229
169	-1	217	223	298
170	-1	217	223	281
171	-1	217	223	229	249	295
172	-1	217	218	280
173	-1	216
174	-1	216	294
175	-1	216	293
176	-1	216	282
177	-1	216	281
178	-1	216	265
179	-1	216	251	281
180	-1	216	249
181	-1	216	240	261
182	-1	216	217
183	-1	214
184	-1	212
185	-1	212	272
186	-1	212	272	294
187	-1	212	265
188	-1	212	240	281
189	-1	212	222	283
190	-1	212	217
191	-1	212	217	260	295
192	-1	209
193	-1	209	232	248	270
194	-1	209	217	260	295
195	-1	209	212
196	-1	208
197	-1	208	269
198	-1	208	252
199	-1	208	252	280
200	-1	208	223	298
201	-1	208	221	235	247	261	269
202	-1	207
203	-1	207	299
204	-1	207	295
205	-1	207	294
206	-1	207	282
207	-1	207	281
208	-1	207	263
209	-1	207	260
210	-1	207	252
211	-1	207	252	280
212	-1	207	252	272
213	-1	207	250
214	-1	207	250	263	294	299
215	-1	207	248	281
216	-1	207	247	283	298
217	-1	207	240	282	298
218	-1	207	240	250
219	-1	207	239	282	298
220	-1	207	232
221	-1	207	231	241
222	-1	207	228	295
223	-1	207	228	238
224	-1	207	226	281	282
225	-1	207	226	250	263	299
226	-1	207	224
227	-1	207	223
228	-1	207	223	298
229	-1	207	223	265	270
230	-1	207	223	252
231	-1	207	223	226	270	281	298
232	-1	207	222
233	-1	207	222	250	257	263
234	-1	207	218	299
235	-1	207	218	260	295
236	-1	207	217
237	-1	207	217	282
238	-1	207	217	260
239	-1	207	217	260	295
240	-1	207	217	252
241	-1	207	217	250
242	-1	207	217	242
243	-1	207	217	222	250
244	-1	207	216	298
245	-1	207	216	271
246	-1	207	212	217	280
247	-1	207	208	269	281
248	-1	207	208	221	222	223	248	271	272	281	294
249	-1	207	208	217	226	227	260	261	281
250	-1	206
251	-1	206	294
252	-1	206	293
253	-1	206	281	299
254	-1	206	277
255	-1	206	276	280
256	-1	206	272
257	-1	206	272	298
258	-1	206	265	270
259	-1	206	261
260	-1	206	260	295
261	-1	206	250	298
262	-1	206	250	263	282	298	299
263	-1	206	248
264	-1	206	245
265	-1	206	229
266	-1	206	225
267	-1	206	217
268	-1	206	217	281
269	-1	206	217	223	250	282	298
270	-1	206	216
271	-1	206	208	299
272	-1	206	208	252
273	-1	206	208	240
274	-1	206	208	238
275	-1	206	207
276	-1	206	207	299
277	-1	206	207	294
278	-1	206	207	227	265
279	-1	206	207	218	294
280	-1	206	207	217
281	-1	206	207	217	282
282	-1	206	207	217	281	298
283	-1	206	207	208	226	238	252	282	299
284	-1	205
285	-1	205	295
286	-1	205	293
287	-1	205	281
288	-1	205	280
289	-1	205	274
290	-1	205	272
291	-1	205	272	295
292	-1	205	272	281	295
293	-1	205	265
294	-1	205	258	272	295
295	-1	205	250	281
296	-1	205	250	265	272	294
297	-1	205	242
298	-1	205	231
299	-1	205	227
300	-1	205	221
301	-1	205	221	222	272
302	-1	205	221	222	252	272
303	-1	205	218	281
304	-1	205	217	269
305	-1	205	209
306	-1	205	208
307	-1	205	206	250	295
308	-1	205	206	242
309	-1	205	206	242	298
310	-1	205	206	221	222	272
311	-1	205	206	221	222	272	299
312	-1	205	206	217
313	-1	199
314	-1	199	200
315	-1	197
316	-1	197	217	248
317	-1	197	217	244	295
318	-1	197	206	207	298
319	-1	196
320	-1	196	229
321	-1	196	224	237	261	299
322	-1	196	206	225	250	263	282
323	-1	195
324	-1	195	299
325	-1	195	265
326	-1	195	242
327	-1	195	240	252
328	-1	195	240	242
329	-1	195	223
330	-1	195	222	281
331	-1	195	221	242
332	-1	195	218
333	-1	195	218	261	289
334	-1	195	217
335	-1	195	212
336	-1	195	208	228	295
337	-1	195	207	280
338	-1	195	207	217	229	249	281	295
339	-1	195	206	207	217
340	-1	195	206	207	217	231
341	-1	195	205
342	-1	195	205	280
343	-1	195	205	229	235
344	-1	195	205	223	248	280
345	-1	194	280
346	-1	194	217	280	295
347	-1	194	206	217	247	280	281	295
348	-1	193	252	282
349	-1	193	247
350	-1	193	223
351	-1	193	217
352	-1	193	207	247
353	-1	193	206	212
354	-1	190	191
355	-1	190	191	197	263
356	-1	190	191	197	208	232	243	247	263
357	-1	190	191	197	198	247	263	295
358	-1	188	225	274	275
359	-1	183	205	223	242
360	-1	173	223	247	281
361	-1	173	174	223
362	-1	173	174	223	263
363	-1	172
364	-1	172	233	240	270	299
365	-1	172	227	242	244	249	260	271
366	-1	172	206
367	-1	172	206	217	222	223
368	-1	171
369	-1	171	299
370	-1	171	295
371	-1	171	294
372	-1	171	282
373	-1	171	280
374	-1	171	261	265	283	294
375	-1	171	252
376	-1	171	252	282
377	-1	171	250
378	-1	171	248	295
379	-1	171	247	294
380	-1	171	247	282
381	-1	171	247	250	263	281	292
382	-1	171	245	274	275
383	-1	171	235	249
384	-1	171	229
385	-1	171	225	230	247	263
386	-1	171	223
387	-1	171	223	280
388	-1	171	217
389	-1	171	217	225	248
390	-1	171	216
391	-1	171	208
392	-1	171	208	229
393	-1	171	207
394	-1	171	207	298
395	-1	171	207	290	298
396	-1	171	207	283
397	-1	171	207	272	298	299
398	-1	171	207	260
399	-1	171	207	229	247	282
400	-1	171	207	227
401	-1	171	207	226	247
402	-1	171	207	222	223	252	283
403	-1	171	207	217	280
404	-1	171	207	217	250
405	-1	171	207	216	217
406	-1	171	207	208	298
407	-1	171	207	208	260
408	-1	171	207	208	222	281
409	-1	171	206	226
410	-1	171	206	217
411	-1	171	206	207
412	-1	171	206	207	252	298
413	-1	171	206	207	248	294
414	-1	171	206	207	232	249	261
415	-1	171	206	207	218	249	298
416	-1	171	206	207	208	216	223
417	-1	171	205
418	-1	171	205	299
419	-1	171	205	274
420	-1	171	205	222	242
421	-1	171	205	206	280
422	-1	171	172	228
423	-1	171	172	208	282
424	-1	170
425	-1	170	270	281
426	-1	170	240	249	260
427	-1	170	217	240	294
428	-1	170	207
429	-1	170	205	242
430	-1	170	205	242	271
431	-1	169
432	-1	169	295
433	-1	169	249	260
434	-1	169	248	281
435	-1	169	231	249	260	270	282
436	-1	169	224	293
437	-1	169	205	208	217
438	-1	168
439	-1	168	299
440	-1	168	297
441	-1	168	294
442	-1	168	283
443	-1	168	282
444	-1	168	281
445	-1	168	280
446	-1	168	275
447	-1	168	272
448	-1	168	272	281
449	-1	168	270	294
450	-1	168	270	280
451	-1	168	265
452	-1	168	261	281
453	-1	168	260	265	280
454	-1	168	255	295	297
455	-1	168	250
456	-1	168	248	280
457	-1	168	245
458	-1	168	244	299
459	-1	168	244	271	272	281
460	-1	168	244	265	271	272	281
461	-1	168	241
462	-1	168	241	248	272	281	298
463	-1	168	240	244	271	272	281
464	-1	168	229
465	-1	168	228	229
466	-1	168	226
467	-1	168	226	272
468	-1	168	224	298
469	-1	168	223
470	-1	168	223	248	295
471	-1	168	222
472	-1	168	221
473	-1	168	218
474	-1	168	218	252
475	-1	168	217
476	-1	168	217	280
477	-1	168	217	248	281
478	-1	168	217	223	229
479	-1	168	217	218
480	-1	168	216
481	-1	168	216	294
482	-1	168	216	248
483	-1	168	212	265	281
484	-1	168	208
485	-1	168	208	249	281
486	-1	168	208	217	221	222
487	-1	168	208	217	218	297
488	-1	168	207
489	-1	168	207	272
490	-1	168	207	269	281
491	-1	168	207	260
492	-1	168	207	250	252	281
493	-1	168	207	235
494	-1	168	207	227	282	295	299
495	-1	168	207	226
496	-1	168	207	223	272
497	-1	168	207	221	248
498	-1	168	207	217
499	-1	168	207	217	244	299
500	-1	168	206
501	-1	168	206	299
502	-1	168	206	279
503	-1	168	206	250
504	-1	168	206	229
505	-1	168	206	217	218	236	277
506	-1	168	206	216
507	-1	168	206	209	216	247	252	283	294
508	-1	168	206	207
509	-1	168	205	281
510	-1	168	205	227
511	-1	168	205	207
512	-1	168	205	207	223	281	283
513	-1	168	205	206
514	-1	168	197
515	-1	168	195
516	-1	168	195	252	281
517	-1	168	195	217
518	-1	168	194
519	-1	168	194	222	249	295
520	-1	168	193	252
521	-1	168	185	206
522	-1	168	183	241	281
523	-1	168	172	206	281
524	-1	168	171
525	-1	168	171	280
526	-1	168	171	217	281
527	-1	168	171	207	281
528	-1	168	171	207	216	217	224	280	298
529	-1	168	171	207	208	217	226	227	250
530	-1	168	171	206	207
531	-1	166	293
532	-1	165	248
533	-1	165	207	235	236	283
534	-1	165	206	294
535	-1	165	171	207	250	283
536	-1	164	277
537	-1	164	263
538	-1	164	232	261
539	-1	164	217	250
540	-1	164	208	223
541	-1	164	207	277	281
542	-1	164	205	242	248	249
543	-1	164	171	194	206	207	222	224	235	252	260	283
544	-1	164	168	281
545	-1	163	260	295
546	-1	162
547	-1	161
548	-1	161	295
549	-1	161	281
550	-1	161	265
551	-1	161	260
552	-1	161	240	242
553	-1	161	218
554	-1	161	218	248	260	280	281	297
555	-1	161	217
556	-1	161	217	260	295
557	-1	161	217	218	295	299
558	-1	161	212
559	-1	161	212	225
560	-1	161	206	207
561	-1	161	206	207	216	226	298
562	-1	161	205	216	249	281
563	-1	161	195	261	280	299
564	-1	161	170	207	231	242	295	297
565	-1	161	170	172	190	205	207	217	248	250	260	270	295
566	-1	161	168
567	-1	161	168	226	280
568	-1	161	168	217	272
569	-1	161	168	212	281
570	-1	161	165	207
571	-1	158
572	-1	158	252	281	299
573	-1	158	248	272	273	281	298
574	-1	158	221	248
575	-1	158	218	282
576	-1	158	207	208	222	265
577	-1	158	205	221	222	232	272
578	-1	158	170	207	232	261	280	295
579	-1	158	168
580	-1	157
581	-1	157	247	282	283
582	-1	157	224
583	-1	157	207	252
584	-1	157	194	217	280	295
585	-1	157	171
586	-1	157	171	283
587	-1	157	168
588	-1	157	168	227
589	-1	157	168	227	252
590	-1	157	168	207	216	250
591	-1	157	165	207	282
592	-1	157	165	207	217
593	-1	157	158	170	240	299
594	-1	156
595	-1	156	260
596	-1	156	247	263
597	-1	156	217
598	-1	156	216	235	236	269
599	-1	156	207	252	281
600	-1	156	207	247
601	-1	156	206
602	-1	156	171	206	217	298
603	-1	156	171	172	206	207	283
604	-1	156	168
605	-1	156	168	207	272
606	-1	156	168	205	207	217	250	280	281	294	297
607	-1	156	157	164	169	171	206	207	261	280	294	298
608	-1	155
609	-1	155	294
610	-1	155	269	294
611	-1	155	252	282
612	-1	155	250
613	-1	155	212	229
614	-1	155	208	281
615	-1	155	207	280	294
616	-1	155	205	206	221	222	223	272	294
617	-1	155	161	168	248	281
618	-1	154
619	-1	154	282
620	-1	154	274
621	-1	154	252
622	-1	154	252	294
623	-1	154	252	282
624	-1	154	244
625	-1	154	225
626	-1	154	223
627	-1	154	217
628	-1	154	207
629	-1	154	206	252	281
630	-1	154	206	217	294
631	-1	154	205	242	252
632	-1	154	205	221	222	249	272	294
633	-1	154	171	252
634	-1	154	171	206	207	217	276
635	-1	154	168
636	-1	154	164	171	206	252	280	294
637	-1	154	164	171	205	207	222	283	294
638	-1	154	158	164	223
639	-1	154	157	171	252
640	-1	154	156	207
641	-1	154	156	157	164	171	206	208	226	252	280	281
642	-1	154	155	280	294	299
643	-1	154	155	156	280	294
644	-1	154	155	156	157	164	171	206	226	252	261	280	294
645	-1	153
646	-1	152
647	-1	152	280
648	-1	152	205	206	271	280	281
649	-1	151
650	-1	151	269
651	-1	149
652	-1	149	298
653	-1	149	295
654	-1	149	281
655	-1	149	280
656	-1	149	272
657	-1	149	272	295
658	-1	149	270
659	-1	149	270	281
660	-1	149	261
661	-1	149	261	272
662	-1	149	260
663	-1	149	252
664	-1	149	252	282	294
665	-1	149	252	281	282
666	-1	149	250
667	-1	149	250	263
668	-1	149	249
669	-1	149	248
670	-1	149	248	270	281
671	-1	149	248	265
672	-1	149	248	252
673	-1	149	247	299
674	-1	149	247	295
675	-1	149	245
676	-1	149	242	280	295
677	-1	149	242	248	280
678	-1	149	240	249	281
679	-1	149	232
680	-1	149	231	248	260	281	295
681	-1	149	231	238	299
682	-1	149	229
683	-1	149	228	229
684	-1	149	225	281	295
685	-1	149	223	281	299
686	-1	149	218	281
687	-1	149	218	223	241	280
688	-1	149	217
689	-1	149	217	293	295
690	-1	149	217	281
691	-1	149	217	250	281	282
692	-1	149	217	240	249	270
693	-1	149	217	231	272	282
694	-1	149	217	218	295
695	-1	149	217	218	252	280
696	-1	149	216
697	-1	149	216	255	265
698	-1	149	216	229	245	248	249	252	261
699	-1	149	208
700	-1	149	208	217
701	-1	149	208	216	223	295
702	-1	149	208	212
703	-1	149	207
704	-1	149	207	281	297
705	-1	149	207	277	281
706	-1	149	207	252	298
707	-1	149	207	242	271	272	273
708	-1	149	207	224
709	-1	149	206
710	-1	149	206	281
711	-1	149	206	252
712	-1	149	206	218	280	298
713	-1	149	206	207	298
714	-1	149	205	295
715	-1	149	205	281
716	-1	149	205	231	238	299
717	-1	149	205	217	249
718	-1	149	195
719	-1	149	195	295
720	-1	149	195	281
721	-1	149	195	281	295
722	-1	149	195	280	295
723	-1	149	195	205	212	295
724	-1	149	194	228	280
725	-1	149	172	218	240
726	-1	149	172	218	240	242	260
727	-1	149	172	218	231	232	248	249
728	-1	149	172	206	207	217	232	248	249	299
729	-1	149	171	261	282
730	-1	149	171	250
731	-1	149	171	223	225
732	-1	149	171	208	232	249	270	272
733	-1	149	171	208	227	229	295	299
734	-1	149	171	207	232	280
735	-1	149	171	207	216	227	241	272	295
736	-1	149	171	207	212	281	295	298
737	-1	149	171	206	207	241	272	295
738	-1	149	171	206	207	222	229	249
739	-1	149	171	206	207	216	295
740	-1	149	171	206	207	208	221
741	-1	149	170	242
742	-1	149	170	223	232	248	260	270	280	281
743	-1	149	169	236	244	265	281
744	-1	149	168
745	-1	149	168	280	295
746	-1	149	168	277	280
747	-1	149	168	250
748	-1	149	168	241
749	-1	149	168	218	281
750	-1	149	168	217	232	281	295
751	-1	149	168	217	218	295	297
752	-1	149	168	208	281	295	297
753	-1	149	168	208	231	241	272	281	297
754	-1	149	168	208	212	265
755	-1	149	168	207	217	280	295
756	-1	149	168	206
757	-1	149	168	206	281
758	-1	149	168	206	231	249	263	281
759	-1	149	168	205	272	281	295
760	-1	149	168	205	225	272	281	295
761	-1	149	168	194	261	271	272	281
762	-1	149	168	194	208	216	222	227	231	244	271	281
763	-1	149	168	171	206	217
764	-1	149	168	170	207	240	242	249	281	295
765	-1	149	165	171	207	221	252	261
766	-1	149	164	171	235
767	-1	149	163	281	297
768	-1	149	161	229	248	281
769	-1	149	161	170	207	242	281	295	297
770	-1	149	161	168	270
771	-1	149	161	168	171	206	232	295	298
772	-1	149	161	165
773	-1	149	161	165	207
774	-1	149	159	217	281
775	-1	149	157	207	245	252	280
776	-1	149	157	170	171	194	207	260	283	298	299
777	-1	149	157	169
778	-1	149	156	169	231	242	260	295
779	-1	149	155	282
780	-1	149	155	172	218	240	249
781	-1	149	154
782	-1	149	154	252	281
783	-1	149	154	195	252	281
784	-1	149	154	171	250
785	-1	149	154	155	207	282
786	-1	148
787	-1	148	295
788	-1	148	294
789	-1	148	272
790	-1	148	248
791	-1	148	240	277	294
792	-1	148	217
793	-1	148	217	260
794	-1	148	217	247	263
795	-1	148	216	217
796	-1	148	216	217	218
797	-1	148	208	272
798	-1	148	206	217	218	248	250	281	299
799	-1	148	205
800	-1	148	205	250	280	281
801	-1	148	195
802	-1	148	169
803	-1	148	168
804	-1	148	168	295
805	-1	148	168	272
806	-1	148	168	252	272	298
807	-1	148	168	250	277
808	-1	148	168	205
809	-1	148	164	169	196	281
810	-1	148	164	168	207
811	-1	148	161	207	217	221	225
812	-1	148	161	196	281
813	-1	148	161	168
814	-1	148	154	156	261
815	-1	148	149	281
816	-1	148	149	265
817	-1	148	149	217	293	295
818	-1	148	149	216	217
819	-1	148	149	171	207	223
820	-1	148	149	171	196	207	298
821	-1	148	149	168	205	272	281	295
822	-1	148	149	168	205	225	272	281	295
823	-1	147
824	-1	147	217	255	281
825	-1	147	206	260	281	295
826	-1	147	195	207	217
827	-1	147	171	228
828	-1	147	171	207	216	240	282	299
829	-1	147	171	194	207	222
830	-1	147	168	207	282	297
831	-1	147	168	207	218
832	-1	147	164
833	-1	147	161	272	281
834	-1	147	161	272	273	281
835	-1	147	161	217	272	281
836	-1	147	161	205	272	281
837	-1	147	158
838	-1	147	158	205	223	226	245	299
839	-1	147	154	205	217	242
840	-1	147	149	218
841	-1	147	149	161	165	217	218	265
842	-1	146
843	-1	146	295
844	-1	146	281
845	-1	146	265
846	-1	146	255
847	-1	146	242
848	-1	146	217
849	-1	146	217	282
850	-1	146	217	225
851	-1	146	217	225	276
852	-1	146	217	225	275
853	-1	146	217	225	252
854	-1	146	217	225	250
855	-1	146	208	235	240
856	-1	146	206
857	-1	146	205	280
858	-1	146	205	280	281
859	-1	146	205	272	295
860	-1	146	205	206	280
861	-1	146	197	198
862	-1	146	195	242
863	-1	146	172
864	-1	146	168	280
865	-1	146	168	242
866	-1	146	168	205	280
867	-1	146	168	171	205	280
868	-1	146	168	171	193	280	299
869	-1	146	161
870	-1	146	161	222
871	-1	146	161	221	277
872	-1	146	161	206
873	-1	146	161	168
874	-1	146	161	168	216
875	-1	146	160
876	-1	146	154	169	206	237
877	-1	146	149	245
878	-1	146	149	207	212
879	-1	146	149	205	216	217	231	272
880	-1	146	149	168	223	236
881	-1	146	149	168	195	280
882	-1	146	149	157	195	206	207	221	227	231	235	239	249	269
883	-1	145	207	223	226	265	270	299
884	-1	145	171	206	207	222
885	-1	145	161	171	207	221	236	248	281	298
886	-1	145	156	158	169	171	172	194	207	222	282	283	298	299
887	-1	145	154	236	240
888	-1	145	146	208	240	247
889	-1	144
890	-1	144	228	247	282	298
891	-1	144	217
892	-1	144	208	258
893	-1	144	207	227	228	229	282
894	-1	144	206
895	-1	144	205
896	-1	144	195	228	232	295
897	-1	144	195	207	218
898	-1	144	195	206	227	245	281
899	-1	144	195	206	207	244	263	281
900	-1	144	171	217
901	-1	144	168	207
902	-1	144	168	207	298	299
903	-1	144	165	171	206	207	222	252	272	283
904	-1	144	156	158	252	270	299
905	-1	144	149	249
906	-1	144	149	223	227	281
907	-1	144	149	206	227
908	-1	144	149	171	206	207	252	281	282	295	298	299
909	-1	144	149	164	228	295
910	-1	144	148	149	161	168	206	207	248	272	282	295
911	-1	144	147	194	229	261	272
912	-1	144	146	149	241	248	265	295
913	-1	119
914	-1	119	295
915	-1	119	205	208	221	222	272
916	-1	119	161
917	-1	119	161	217
918	-1	119	149	295
919	-1	119	149	168	212	272	281	294	295
920	-1	119	148
921	-1	118
922	-1	118	282
923	-1	118	249
924	-1	118	241	272
925	-1	118	212	272
926	-1	118	205	221	222	272
927	-1	118	205	221	222	223	272	294
928	-1	118	171	225	249	274
929	-1	118	171	206	228	241	245	298
930	-1	118	168
931	-1	118	156	207	231
932	-1	118	155	205	221	222	272
933	-1	118	155	205	221	222	223	232	248	258	272	294
934	-1	118	155	205	207	221	222	247	250	272
935	-1	118	154	155	165	171	252	294
936	-1	118	149	161	205	221	222	272
937	-1	118	149	161	168	171	196	206	208	223	232	236	249	281
938	-1	118	148	206	265	281	294
939	-1	118	147	263	269
940	-1	118	147	248	263	269
941	-1	118	147	205	263	269
942	-1	118	147	161	231	248	263	272	281
943	-1	118	146	217	272	294
944	-1	118	144	205	221	222	272
945	-1	118	119
946	-1	118	119	295
947	-1	118	119	281	295
948	-1	118	119	249
949	-1	118	119	223
950	-1	118	119	223	240	295
951	-1	118	119	161
952	-1	118	119	156	161	168	169	207	272
953	-1	118	119	149
954	-1	117
955	-1	117	295
956	-1	117	293
957	-1	117	283
958	-1	117	282
959	-1	117	281
960	-1	117	281	295
961	-1	117	280
962	-1	117	277	278
963	-1	117	272
964	-1	117	270
965	-1	117	270	274	275
966	-1	117	269
967	-1	117	265
968	-1	117	263
969	-1	117	255
970	-1	117	252	282	294
971	-1	117	250
972	-1	117	249
973	-1	117	248	280
974	-1	117	248	249	272
975	-1	117	244
976	-1	117	242
977	-1	117	241
978	-1	117	229	260
979	-1	117	229	242	281
980	-1	117	228	281
981	-1	117	227
982	-1	117	227	272
983	-1	117	226	281
984	-1	117	225	227
985	-1	117	223	239	252	294
986	-1	117	223	226	244	265	272	283
987	-1	117	218	252	298
988	-1	117	218	229	242	281
989	-1	117	218	223	280
990	-1	117	217
991	-1	117	217	298
992	-1	117	217	295
993	-1	117	217	293
994	-1	117	217	282
995	-1	117	217	281
996	-1	117	217	281	282
997	-1	117	217	281	282	298
998	-1	117	217	280
999	-1	117	217	280	295
1000	-1	117	217	272
1001	-1	117	217	269
1002	-1	117	217	269	280
1003	-1	117	217	263
1004	-1	117	217	260	281
1005	-1	117	217	255	281
1006	-1	117	217	252
1007	-1	117	217	252	280
1008	-1	117	217	252	269
1009	-1	117	217	250
1010	-1	117	217	249
1011	-1	117	217	249	270
1012	-1	117	217	249	255	281
1013	-1	117	217	248	280
1014	-1	117	217	248	249	270
1015	-1	117	217	247	263
1016	-1	117	217	245
1017	-1	117	217	245	280
1018	-1	117	217	244	250	265
1019	-1	117	217	242
1020	-1	117	217	242	265	295
1021	-1	117	217	242	250
1022	-1	117	217	242	248
1023	-1	117	217	240	261
1024	-1	117	217	232	272
1025	-1	117	217	229	236	248	295
1026	-1	117	217	227
1027	-1	117	217	225
1028	-1	117	217	223
1029	-1	117	217	223	283
1030	-1	117	217	222
1031	-1	117	217	218
1032	-1	117	217	218	280
1033	-1	117	217	218	280	282
1034	-1	117	217	218	270	281
1035	-1	117	217	218	249	295
1036	-1	117	217	218	244
1037	-1	117	216
1038	-1	117	216	229
1039	-1	117	216	217	236	269	281	295
1040	-1	117	212
1041	-1	117	212	263
1042	-1	117	209	270
1043	-1	117	209	223	232	245	248
1044	-1	117	207	263
1045	-1	117	207	263	270
1046	-1	117	207	248
1047	-1	117	207	227	229	231	248	260	261
1048	-1	117	207	222	223
1049	-1	117	207	217
1050	-1	117	207	217	295
1051	-1	117	207	217	281
1052	-1	117	207	217	281	299
1053	-1	117	207	217	281	297
1054	-1	117	207	216	217	250
1055	-1	117	207	212	223	253	254	281
1056	-1	117	206
1057	-1	117	206	217
1058	-1	117	206	217	263	282	299
1059	-1	117	206	217	248	249	272	280
1060	-1	117	206	217	224	269
1061	-1	117	206	217	218	281
1062	-1	117	206	207	247	298
1063	-1	117	206	207	217
1064	-1	117	206	207	217	226	260	299
1065	-1	117	206	207	216	247	263	299
1066	-1	117	205
1067	-1	117	205	217	248	249	272	281
1068	-1	117	205	217	240	242	255	270
1069	-1	117	205	217	231	249	271	280	281
1070	-1	117	205	209	223	250	270
1071	-1	117	196	217	242	281
1072	-1	117	195
1073	-1	117	195	295
1074	-1	117	195	280
1075	-1	117	195	242
1076	-1	117	195	228	242	248	295
1077	-1	117	195	217
1078	-1	117	194	249
1079	-1	117	194	217	249	272
1080	-1	117	194	208	228	281	282
1081	-1	117	183
1082	-1	117	173	217	223	263
1083	-1	117	172
1084	-1	117	172	207	217	242	281
1085	-1	117	172	206	272
1086	-1	117	172	206	249
1087	-1	117	171
1088	-1	117	171	280
1089	-1	117	171	252
1090	-1	117	171	232
1091	-1	117	171	226	230	231	261	281
1092	-1	117	171	218	242
1093	-1	117	171	217
1094	-1	117	171	217	281
1095	-1	117	171	217	250	280	281
1096	-1	117	171	217	249
1097	-1	117	171	217	229	282	294	298
1098	-1	117	171	207	281
1099	-1	117	171	207	248
1100	-1	117	171	207	242	294
1101	-1	117	171	207	226	231	282	283	299
1102	-1	117	171	207	212	281	297
1103	-1	117	171	206	216	217
1104	-1	117	171	205
1105	-1	117	171	195	242
1106	-1	117	171	193	207	217	250
1107	-1	117	170	217	281
1108	-1	117	170	217	249
1109	-1	117	170	217	247
1110	-1	117	170	172	207	217	242	281
1111	-1	117	169	217
1112	-1	117	169	217	295
1113	-1	117	169	207	217	218	270
1114	-1	117	169	205	217	295
1115	-1	117	169	195	217	242	281	295
1116	-1	117	169	170	172	217	248	252	260	261
1117	-1	117	168
1118	-1	117	168	272
1119	-1	117	168	218	297	299
1120	-1	117	168	218	295
1121	-1	117	168	217
1122	-1	117	168	217	281
1123	-1	117	168	217	280
1124	-1	117	168	217	280	295
1125	-1	117	168	217	249	280
1126	-1	117	168	217	223	282
1127	-1	117	168	208	217	249	299
1128	-1	117	168	206	208	227	272	281
1129	-1	117	168	206	207	217	242	281
1130	-1	117	168	206	207	216	226	248	249	299
1131	-1	117	168	172	207	217	242	281
1132	-1	117	168	172	207	217	242	249	281
1133	-1	117	168	172	207	217	242	249	281	294
1134	-1	117	168	172	207	217	233	242	281
1135	-1	117	168	172	207	217	218	242	281
1136	-1	117	168	172	206	207	217	242	249	281
1137	-1	117	168	171	217	221	222
1138	-1	117	168	171	207	208	217	231	281	282
1139	-1	117	165	207	217
1140	-1	117	165	171	281	299
1141	-1	117	164	171	207	217	227	239	240	250	272	282	299
1142	-1	117	163	217	218
1143	-1	117	162	216	217
1144	-1	117	161
1145	-1	117	161	297
1146	-1	117	161	295
1147	-1	117	161	281
1148	-1	117	161	238
1149	-1	117	161	229	260
1150	-1	117	161	217
1151	-1	117	161	217	282
1152	-1	117	161	217	280
1153	-1	117	161	217	227	281	295
1154	-1	117	161	217	223	299
1155	-1	117	161	213	214	217	280
1156	-1	117	161	207	227	272	281
1157	-1	117	161	172	207	217	242	281
1158	-1	117	161	171
1159	-1	117	161	169	217
1160	-1	117	161	168	217	295
1161	-1	117	161	168	217	281
1162	-1	117	161	168	171	207	217	281
1163	-1	117	158
1164	-1	117	158	217	272
1165	-1	117	158	171	207	216	217	252	281	282	294	299
1166	-1	117	158	165	171	208	221	260	270	281	298
1167	-1	117	157	231	269
1168	-1	117	157	217	295
1169	-1	117	157	216	217	224	272
1170	-1	117	157	171	207	217
1171	-1	117	157	158	164	207	221	229
1172	-1	117	156	206	236
1173	-1	117	156	168	207	217	282	299
1174	-1	117	155	218	223	280	282
1175	-1	117	155	217
1176	-1	117	154	281
1177	-1	117	154	228	281
1178	-1	117	154	223	283
1179	-1	117	154	217
1180	-1	117	154	217	223	247	294
1181	-1	117	154	207	222	223	281	299
1182	-1	117	154	193	299
1183	-1	117	154	171	207	217
1184	-1	117	154	168	207	208	272
1185	-1	117	152	168	172	207	217	242	281
1186	-1	117	151	217
1187	-1	117	149
1188	-1	117	149	281
1189	-1	117	149	236	240
1190	-1	117	149	231	255	295
1191	-1	117	149	223
1192	-1	117	149	223	248	297
1193	-1	117	149	222	229	260
1194	-1	117	149	217
1195	-1	117	149	217	281
1196	-1	117	149	217	272
1197	-1	117	149	217	252
1198	-1	117	149	217	249
1199	-1	117	149	217	249	281	295
1200	-1	117	149	217	249	260
1201	-1	117	149	217	249	255	270
1202	-1	117	149	217	248	272	273
1203	-1	117	149	217	248	270
1204	-1	117	149	217	242	245	249	280	281	295
1205	-1	117	149	217	240	248
1206	-1	117	149	217	231	249	280	281	295
1207	-1	117	149	217	221	282
1208	-1	117	149	216	217	218	248	295
1209	-1	117	149	207	217	297
1210	-1	117	149	207	217	281
1211	-1	117	149	207	217	255	297
1212	-1	117	149	207	217	231	281	297
1213	-1	117	149	207	217	221	223	235	240	295
1214	-1	117	149	207	216	249	269
1215	-1	117	149	206	217	248	281
1216	-1	117	149	206	217	242	280
1217	-1	117	149	206	207	217	295	299
1218	-1	117	149	206	207	217	218
1219	-1	117	149	195	216	217	280
1220	-1	117	149	172	207	217	242	276	281
1221	-1	117	149	171	217	295
1222	-1	117	149	171	217	249	281	282
1223	-1	117	149	171	208
1224	-1	117	149	171	207	281
1225	-1	117	149	171	206	207	217
1226	-1	117	149	170	207
1227	-1	117	149	170	207	217
1228	-1	117	149	170	207	217	249	281	297
1229	-1	117	149	169	217	281
1230	-1	117	149	169	171	217	222	223	225	282
1231	-1	117	149	168	232	242	260	281
1232	-1	117	149	168	225	240	245	258	281
1233	-1	117	149	168	217
1234	-1	117	149	168	217	295
1235	-1	117	149	168	217	295	297
1236	-1	117	149	168	208	209	281	298
1237	-1	117	149	168	207
1238	-1	117	149	168	207	217	281
1239	-1	117	149	168	207	217	221	222	294
1240	-1	117	149	168	206	217
1241	-1	117	149	168	172	207	217	242	281
1242	-1	117	149	168	172	206	207	208	222	242	245	281
1243	-1	117	149	168	171	217	221	222	225	232	281
1244	-1	117	149	168	171	207	217	248
1245	-1	117	149	161	170	172	217	242	261	280
1246	-1	117	149	161	168	217	272
1247	-1	117	149	158	217	221	231	252	269	280	299
1248	-1	117	149	157	171	193	206	217	226	235	269
1249	-1	117	149	155
1250	-1	117	149	154	171	197	242	249	280	281	295
1251	-1	117	148
1252	-1	117	148	295
1253	-1	117	148	245
1254	-1	117	148	231
1255	-1	117	148	217
1256	-1	117	148	217	249	280
1257	-1	117	148	208	265
1258	-1	117	148	207	225
1259	-1	117	148	206	217
1260	-1	117	148	171	207	208	216
1261	-1	117	148	168
1262	-1	117	148	168	295
1263	-1	117	148	168	250
1264	-1	117	148	168	248
1265	-1	117	148	168	248	281
1266	-1	117	148	168	229	230
1267	-1	117	148	168	217
1268	-1	117	148	168	217	221	222	223	294
1269	-1	117	148	168	196	295
1270	-1	117	148	168	171	224
1271	-1	117	148	168	170	240
1272	-1	117	148	161	172	227
1273	-1	117	148	157	168
1274	-1	117	148	149	295
1275	-1	117	148	149	281	295
1276	-1	117	148	149	223	277
1277	-1	117	148	149	171	217	242	249	295
1278	-1	117	148	149	171	208	281
1279	-1	117	148	149	168	231	281	295	297
1280	-1	117	148	149	154	157	161	171	206	207	208	216	217	218	223	229	231	232	240	248	249	281
1281	-1	117	147	229	242
1282	-1	117	147	168	207	217	247	281
1283	-1	117	147	165	207	269	270
1284	-1	117	147	149	172	229	249	272	281
1285	-1	117	146
1286	-1	117	146	281
1287	-1	117	146	280	295
1288	-1	117	146	265
1289	-1	117	146	249	297
1290	-1	117	146	240
1291	-1	117	146	217
1292	-1	117	146	217	227	270
1293	-1	117	146	214
1294	-1	117	146	207	217	247	270	298
1295	-1	117	146	206
1296	-1	117	146	158	206	232	263	299
1297	-1	117	146	158	206	207	231	260
1298	-1	117	146	158	168	226	272	280
1299	-1	117	146	157	207	223	231	269	270
1300	-1	117	146	155	217	281	282
1301	-1	117	146	149	205	217	232
1302	-1	117	146	148	168	196	295
1303	-1	117	144	205	217	295
1304	-1	117	144	161	247	299
1305	-1	117	144	149	281	297
1306	-1	117	144	149	168	207	217	281	295
1307	-1	117	144	149	168	205	217	245	247
1308	-1	117	144	149	165	217
1309	-1	117	144	148	248	282
1310	-1	117	144	147	154	168	171	207	217	225	281	295
1311	-1	117	144	147	149	244	249	265
1312	-1	117	119	217
1313	-1	117	119	217	269	271	272	299
1314	-1	117	119	208	249
1315	-1	117	118	171	207
1316	-1	117	118	149	168	217	221	222
1317	-1	117	118	149	168	169	217	221	222
1318	-1	117	118	146	281
1319	-1	117	118	146	241	281
1320	-1	117	118	146	223	231	281	294
1321	-1	117	118	146	206	207	216	281
1322	-1	117	118	146	157	216	281
1323	-1	117	118	119	149	217	236
1324	-1	117	118	119	149	217	236	241
1325	-1	117	118	119	146	281
1326	-1	116
1327	-1	116	298
1328	-1	116	295
1329	-1	116	250
1330	-1	116	248	261	280
1331	-1	116	218	280
1332	-1	116	218	248	280	281	295
1333	-1	116	170	223	242	248	280
1334	-1	116	154	157	171	218	280	282	299
1335	-1	116	151	248
1336	-1	116	147	263	277
1337	-1	116	117
1338	-1	116	117	223	252
1339	-1	116	117	205
1340	-1	116	117	146
1341	-1	115
1342	-1	115	298
1343	-1	115	295
1344	-1	115	281	297	299
1345	-1	115	277
1346	-1	115	271
1347	-1	115	265
1348	-1	115	260	277	281
1349	-1	115	252	265
1350	-1	115	244	281
1351	-1	115	229	261	270
1352	-1	115	223	298
1353	-1	115	223	265
1354	-1	115	223	265	270	299
1355	-1	115	217
1356	-1	115	217	295
1357	-1	115	217	242
1358	-1	115	217	242	295
1359	-1	115	217	228
1360	-1	115	217	225
1361	-1	115	217	222	281	297
1362	-1	115	209
1363	-1	115	208
1364	-1	115	207
1365	-1	115	207	247
1366	-1	115	207	229	248
1367	-1	115	207	222	248	260
1368	-1	115	207	217	294
1369	-1	115	207	216
1370	-1	115	206	217	242
1371	-1	115	205
1372	-1	115	205	272	281
1373	-1	115	205	217
1374	-1	115	205	217	218	295
1375	-1	115	205	207
1376	-1	115	196	217
1377	-1	115	195	222	250	282
1378	-1	115	195	212	217	225	242	250	274
1379	-1	115	194	281
1380	-1	115	193	206
1381	-1	115	185	194	196	273	295
1382	-1	115	171
1383	-1	115	171	207
1384	-1	115	171	207	216	223	250
1385	-1	115	171	206	217	252	281	298
1386	-1	115	171	194	231	236	249	272	281	298
1387	-1	115	170	239	260	280
1388	-1	115	170	207	231	248	261	270	281
1389	-1	115	168
1390	-1	115	168	282
1391	-1	115	168	281
1392	-1	115	168	217
1393	-1	115	168	206
1394	-1	115	168	205	265
1395	-1	115	168	171
1396	-1	115	168	171	207	252	281
1397	-1	115	165	252
1398	-1	115	161	281
1399	-1	115	161	250	277	281
1400	-1	115	161	217	250	277	281
1401	-1	115	161	217	238	242
1402	-1	115	161	207	281
1403	-1	115	161	207	223
1404	-1	115	161	206	281
1405	-1	115	161	206	217	222	228	238	242
1406	-1	115	161	169	217	242	295
1407	-1	115	158	172	218
1408	-1	115	157	171	207	222
1409	-1	115	157	168
1410	-1	115	156	168	212	265
1411	-1	115	154	157	207	224	226	250	281	299
1412	-1	115	149
1413	-1	115	149	281
1414	-1	115	149	265	272	295
1415	-1	115	149	250
1416	-1	115	149	244	249	265
1417	-1	115	149	231
1418	-1	115	149	229	249
1419	-1	115	149	207
1420	-1	115	149	207	217	252	299
1421	-1	115	149	207	217	223	242	295
1422	-1	115	149	170	231	281
1423	-1	115	149	161
1424	-1	115	149	161	207	265	272	281
1425	-1	115	149	161	206	207	217	218	242	248
1426	-1	115	149	158	165	205	206	207
1427	-1	115	149	155	298
1428	-1	115	149	154	157	165	171	207	216	221	232	250	260	261
1429	-1	115	148	217	242
1430	-1	115	148	217	242	295
1431	-1	115	148	216	217
1432	-1	115	148	207	221	225	260	280	295
1433	-1	115	148	168
1434	-1	115	148	161
1435	-1	115	148	157	168	193	216	221	235	260	299
1436	-1	115	148	149	168	195	248
1437	-1	115	148	149	161	169	208	281
1438	-1	115	147	157	172	206	235	260
1439	-1	115	146	213	214	263	277
1440	-1	115	145	164	206	209	239	247
1441	-1	115	144	282
1442	-1	115	144	217	295
1443	-1	115	144	171	217	295
1444	-1	115	144	161	223	283
1445	-1	115	144	149	223	227	281
1446	-1	115	144	148	149	168	281	295
1447	-1	115	119	161	216	217	218	231	242	281	295
1448	-1	115	118	205	221	222	272	299
1449	-1	115	117
1450	-1	115	117	250	263	281	299
1451	-1	115	117	227	248	249	281	295
1452	-1	115	117	223	280
1453	-1	115	117	217
1454	-1	115	117	217	269
1455	-1	115	117	217	242
1456	-1	115	117	217	218	280
1457	-1	115	117	207	217	223	247
1458	-1	115	117	206	207	217
1459	-1	115	117	196	229	242	249	263	277
1460	-1	115	117	195
1461	-1	115	117	173	207	217	218	223	250	263	277	295
1462	-1	115	117	172	281	298	299
1463	-1	115	117	171	250	280
1464	-1	115	117	171	222	272	299
1465	-1	115	117	171	217	280
1466	-1	115	117	171	217	218	223
1467	-1	115	117	169
1468	-1	115	117	168	218	227	242	261	280	281
1469	-1	115	117	168	207	217	218	227	242	261	280	281
1470	-1	115	117	168	195	217	249
1471	-1	115	117	168	171	217	231	294
1472	-1	115	117	168	171	206	207	217	218	231	240
1473	-1	115	117	164	217	223	242	265
1474	-1	115	117	161	281
1475	-1	115	117	161	277
1476	-1	115	117	161	217
1477	-1	115	117	161	217	281
1478	-1	115	117	161	217	280	299
1479	-1	115	117	161	217	240
1480	-1	115	117	161	217	232	299
1481	-1	115	117	161	217	231
1482	-1	115	117	161	217	222
1483	-1	115	117	161	217	218	295
1484	-1	115	117	161	207	217	247	281	298
1485	-1	115	117	161	207	217	218	252
1486	-1	115	117	161	207	216	217
1487	-1	115	117	161	206	217
1488	-1	115	117	161	193	217	280	283
1489	-1	115	117	161	171	217
1490	-1	115	117	161	168	217
1491	-1	115	117	161	168	217	232	295
1492	-1	115	117	158	161	217
1493	-1	115	117	158	161	206	217
1494	-1	115	117	157	206	223
1495	-1	115	117	154	217
1496	-1	115	117	154	161	171	217	281
1497	-1	115	117	149	217	249	281	295
1498	-1	115	117	149	217	223	242	269
1499	-1	115	117	149	209	270
1500	-1	115	117	149	207	229	260	261	265
1501	-1	115	117	149	193	248	249
1502	-1	115	117	149	171	217	249	253	281
1503	-1	115	117	149	171	206	212	249	295
1504	-1	115	117	149	171	194	205	217	231	281	295	297
1505	-1	115	117	149	161	217
1506	-1	115	117	149	161	206	207	217	260	280
1507	-1	115	117	149	161	168	217
1508	-1	115	117	149	161	168	217	223	295
1509	-1	115	117	149	153	161	217
1510	-1	115	117	148	241	272	295
1511	-1	115	117	148	223	297
1512	-1	115	117	148	221	260	281	295	297
1513	-1	115	117	148	216	295
1514	-1	115	117	148	161	217
1515	-1	115	117	148	161	208
1516	-1	115	117	148	149	217	261	281	295
1517	-1	115	117	147	161	217	232	298
1518	-1	115	117	146	249	273
1519	-1	115	117	146	207	217
1520	-1	115	117	146	161	217	242
1521	-1	115	117	145	149	171	206	207	222	260	281	283	294
1522	-1	115	117	144	217	295
1523	-1	115	117	144	217	248	281
1524	-1	115	117	144	149
1525	-1	115	117	144	146	207	217	260
1526	-1	114
1527	-1	114	295
1528	-1	114	249
1529	-1	114	240
1530	-1	114	209
1531	-1	114	209	242	260
1532	-1	114	209	212	270	295
1533	-1	114	205
1534	-1	114	205	242
1535	-1	114	183	229	252
1536	-1	114	172
1537	-1	114	172	261
1538	-1	114	172	242
1539	-1	114	172	217
1540	-1	114	172	216	240
1541	-1	114	172	206	207
1542	-1	114	171	207
1543	-1	114	171	172	206	207	260	270	282
1544	-1	114	161	231	248
1545	-1	114	155	172	218	269
1546	-1	114	155	171	208	239	295
1547	-1	114	154	157	158	168	227	283
1548	-1	114	149
1549	-1	114	149	249
1550	-1	114	149	245	280	295
1551	-1	114	149	242
1552	-1	114	149	232	242
1553	-1	114	149	229
1554	-1	114	149	217	298
1555	-1	114	149	207	228	231	248
1556	-1	114	149	205	218
1557	-1	114	149	172	218	248	281
1558	-1	114	149	168	240
1559	-1	114	149	168	208	212	265
1560	-1	114	148	226
1561	-1	114	147	149	168	171	208	216	244	261	299
1562	-1	114	146	172	240	242
1563	-1	114	146	149	172	242
1564	-1	114	144	208	231	232	248
1565	-1	114	144	149	207
1566	-1	114	144	146	156	171	196	206	222	223	226	231	250	269	280	295	298
1567	-1	114	117	217
1568	-1	114	117	217	272	273
1569	-1	114	117	217	249
1570	-1	114	117	217	242	244	270	293
1571	-1	114	117	209	212	270
1572	-1	114	117	193	194	207	209	212	240	270
1573	-1	114	117	172	295
1574	-1	114	117	172	249
1575	-1	114	117	172	249	281
1576	-1	114	117	172	218	232	244	248	263
1577	-1	114	117	172	206	239	272	281
1578	-1	114	117	169	171	209	212	239	261	270	281
1579	-1	114	117	168	208	212	295
1580	-1	114	117	168	172	207	217	242	281
1581	-1	114	117	168	171	172	194	206	207	217	260
1582	-1	114	117	164	209	212	217	261	270	298	299
1583	-1	114	117	164	207	227	299
1584	-1	114	117	161
1585	-1	114	117	149	217	272	281
1586	-1	114	117	149	217	232	240	260
1587	-1	114	117	149	168	170	172	217	240	297
1588	-1	114	117	149	158	165	209	212	235	270
1589	-1	114	117	148	168
1590	-1	114	117	146	168	171	217	221	235	236
1591	-1	114	117	146	149	206	217	265	281	295
1592	-1	114	117	145	157	171	209	212	240	270
1593	-1	114	117	144	158	169	209	212	217	270
1594	-1	114	115	168	195	216	228	249
1595	-1	114	115	149	230	248	260
1596	-1	114	115	149	171	245
1597	-1	114	115	117	207	208	231	249	260	298	299
1598	-1	114	115	117	172	281	298	299
1599	-1	114	115	117	168	207	216	227	248	299
1600	-1	114	115	117	146	169	171	172	194	208	217	222	223	227	250	298
1601	-1	112	154	263	293
1602	-1	111
1603	-1	111	236	281
1604	-1	111	216	250	282
1605	-1	111	144	217	265
1606	-1	111	118	146	168	280
1607	-1	109
1608	-1	109	299
1609	-1	109	293
1610	-1	109	282
1611	-1	109	282	294
1612	-1	109	281
1613	-1	109	277
1614	-1	109	265
1615	-1	109	247	294
1616	-1	109	237	293
1617	-1	109	237	250	293	295
1618	-1	109	223	293
1619	-1	109	218	240	280	295
1620	-1	109	217	293
1621	-1	109	217	280
1622	-1	109	209
1623	-1	109	208	221	226	295
1624	-1	109	207
1625	-1	109	207	218	223	248	280
1626	-1	109	207	217	281
1627	-1	109	207	216
1628	-1	109	207	208	228	295
1629	-1	109	206
1630	-1	109	206	223
1631	-1	109	206	222	223
1632	-1	109	206	212
1633	-1	109	206	212	243
1634	-1	109	206	207	227	299
1635	-1	109	205	242
1636	-1	109	205	217
1637	-1	109	194	206	223	248	250	295
1638	-1	109	172
1639	-1	109	172	226	239	299
1640	-1	109	171	293	295
1641	-1	109	171	237	293	295
1642	-1	109	171	206	217	222	223	231
1643	-1	109	170	282	283	294
1644	-1	109	170	237	293
1645	-1	109	169	207
1646	-1	109	169	207	221	294
1647	-1	109	168
1648	-1	109	168	282
1649	-1	109	168	281
1650	-1	109	168	207
1651	-1	109	168	207	250	252	281
1652	-1	109	168	206
1653	-1	109	168	194	207	250	252
1654	-1	109	168	171
1655	-1	109	164	224	293
1656	-1	109	164	171	223	247	252	294	298
1657	-1	109	164	168	217	218	223	226	281
1658	-1	109	164	168	207	241	272	282
1659	-1	109	161
1660	-1	109	161	207	222	272	299
1661	-1	109	157	293
1662	-1	109	157	223
1663	-1	109	157	206	207
1664	-1	109	157	168	209
1665	-1	109	157	168	205	207	240	281
1666	-1	109	156	223
1667	-1	109	154	207	261
1668	-1	109	154	206	281
1669	-1	109	154	206	217	250	261	263	272	277	292	299
1670	-1	109	154	168	208	229	249	252	281
1671	-1	109	152	221	222	223	250	277	283	299
1672	-1	109	149	208	231
1673	-1	109	149	193	216	249	294
1674	-1	109	149	171
1675	-1	109	149	171	223	281
1676	-1	109	148	281
1677	-1	109	148	168	223	295
1678	-1	109	148	149	217	223
1679	-1	109	147	156	171	247	283
1680	-1	109	146	217	225	250
1681	-1	109	146	169	206	217	229
1682	-1	109	146	164
1683	-1	109	145	207	265	270
1684	-1	109	144	207
1685	-1	109	144	207	222	283
1686	-1	109	144	158	164	208	221	222	223	269	282
1687	-1	109	144	156	161	171	206	207	216	231	282	283
1688	-1	109	144	149	194	227	250	253	295
1689	-1	109	118	252
1690	-1	109	118	205	221	222	272
1691	-1	109	117
1692	-1	109	117	293
1693	-1	109	117	282	293
1694	-1	109	117	276	293
1695	-1	109	117	207	223	236	248	249	272
1696	-1	109	117	206	207	252
1697	-1	109	117	171	209	270
1698	-1	109	117	171	206	207	294
1699	-1	109	117	171	206	207	281
1700	-1	109	117	161
1701	-1	109	117	161	217
1702	-1	109	117	158	161	217	272	281
1703	-1	109	117	157
1704	-1	109	117	148	149	295
1705	-1	109	117	146	217
1706	-1	109	117	146	148	168	217	272
1707	-1	109	117	144	193	207	217	222	223	270
1708	-1	109	115	250	272	277	278
1709	-1	109	115	207	222	281
1710	-1	109	115	206	241
1711	-1	109	115	206	222
1712	-1	109	115	205
1713	-1	109	115	193	206	207	249	261
1714	-1	109	115	171	298	299
1715	-1	109	115	171	207	222	270
1716	-1	109	115	168	171	226	272	281
1717	-1	109	115	161	168	171	216	277	280	281	299
1718	-1	109	115	161	168	171	207	217	232	281	295	299
1719	-1	109	115	157	207	222	227	283
1720	-1	109	115	154	217
1721	-1	109	115	149	206	207	281
1722	-1	109	115	149	171	207
1723	-1	109	115	149	168	171	207	217	244	248	250	281	295
1724	-1	109	115	148	168
1725	-1	109	115	146
1726	-1	109	115	146	149	168	207	217	218	223	250	281	295	298
1727	-1	109	115	144	207	222	239
1728	-1	109	115	144	171	207	222	227	282
1729	-1	109	115	144	171	194	206	207	216	226	238	247	281	299
1730	-1	109	115	144	157	171	194	206	238	260	282	299
1731	-1	109	115	144	149	169	170	171	207	299
1732	-1	109	115	144	149	168	171	207	218	222	223	226	248	252	281	283	295	298	299
1733	-1	109	115	117	208	216	217	226	231	248	270
1734	-1	109	115	117	165
1735	-1	109	115	117	149	217	223	249	281	295	299
1736	-1	109	115	117	149	172	194	218	222	223	242	249
1737	-1	109	115	117	149	157	171	172	207	209	216	226	227	239	245	265	270	299
1738	-1	109	115	117	148	149	216	297
1739	-1	109	114	207	222	272	281	299
1740	-1	109	114	157	196	207	217	281	298
1741	-1	109	114	146	149	168	280
1742	-1	109	114	117	156	209	212	217	270	298
1743	-1	109	114	115	117	157	209	212	270
1744	-1	109	114	115	117	146	171	207	217	227	247	281	298
1745	-1	108
1746	-1	108	297
1747	-1	108	240	295
1748	-1	108	223	249	279	299
1749	-1	108	206	293	298
1750	-1	108	205
1751	-1	108	205	280
1752	-1	108	193	194	206	207	283	294
1753	-1	108	171	194	208	231	232	238	247	281	298	299
1754	-1	108	169	206	298
1755	-1	108	168	205	297
1756	-1	108	164	165	206	223	239	269
1757	-1	108	161	295
1758	-1	108	158	206	240
1759	-1	108	149
1760	-1	108	149	265	272	281
1761	-1	108	149	248
1762	-1	108	149	240	265	299
1763	-1	108	149	227	297
1764	-1	108	149	217	226	227	261	282
1765	-1	108	149	207	249
1766	-1	108	149	168	265
1767	-1	108	149	168	170	207	248	281
1768	-1	108	149	161	227	281	297
1769	-1	108	149	161	216	223	245	280	295
1770	-1	108	149	158	172	218	227
1771	-1	108	149	158	171	206	241
1772	-1	108	148	205	229	249
1773	-1	108	148	168	171	226	272
1774	-1	108	147	206	269
1775	-1	108	146
1776	-1	108	144	263	277	281	295
1777	-1	108	144	172	206	207	208	222	226	227	249	270	281	298
1778	-1	108	144	145	154	155	156	164	169	171	183	193	206	207	232	235	250	252	261	272	280	294
1779	-1	108	118	161	217
1780	-1	108	117	260	281
1781	-1	108	117	217	255
1782	-1	108	117	217	218	280
1783	-1	108	117	217	218	223	280
1784	-1	108	117	216	217	218	222	280
1785	-1	108	117	207	217	281
1786	-1	108	117	207	217	218	226	280
1787	-1	108	117	206
1788	-1	108	117	171	207	222	298
1789	-1	108	117	171	206	207	298
1790	-1	108	117	169	207	217	218	223	280
1791	-1	108	117	168	209	223	270	281
1792	-1	108	117	149	272	281
1793	-1	108	117	149	242	248	281
1794	-1	108	117	149	223
1795	-1	108	117	149	217
1796	-1	108	117	149	217	248	249	271
1797	-1	108	117	149	216	217
1798	-1	108	117	149	207	217	218	248	281	295
1799	-1	108	117	149	195	240	242	260	295
1800	-1	108	117	149	169	170	231	242
1801	-1	108	117	149	161	195	295
1802	-1	108	117	149	158	169	170	231	242
1803	-1	108	117	147	171	206	207	217	281	283
1804	-1	108	117	146	169	207	217	221	261	270	281
1805	-1	108	117	146	149
1806	-1	108	117	146	149	161	172	195	217	242	252	280	295
1807	-1	108	117	144	149	155	158	169	217	231	248	270
1808	-1	108	116	149	169	208	240	281
1809	-1	108	115
1810	-1	108	115	161	281
1811	-1	108	115	154	155	156	164	206	208	272	282	299
1812	-1	108	115	149	236
1813	-1	108	115	149	161	207	249
1814	-1	108	115	148	149	281
1815	-1	108	115	146	148	217	272	281	295
1816	-1	108	115	117	161	217
1817	-1	108	115	117	161	217	227	282
1818	-1	108	115	117	161	195	217	281	294
1819	-1	108	115	117	149	206	223	240	242	244
1820	-1	108	115	117	149	168	227	252	263	280
1821	-1	108	115	117	148	157	161	223	225	233	235	245	247	250	258	263	274	277	281
1822	-1	108	115	117	144	149	154	217	239	252	281
1823	-1	108	115	117	144	146	169	206	207	217	247	248	272
1824	-1	108	114	205	218	281
1825	-1	108	114	157	164	172	206	207	221	231	235	240	281	298
1826	-1	108	114	147	149	168	172	207	217	227	265	298
1827	-1	108	114	146	195	223
1828	-1	108	114	117	168	209	212	270
1829	-1	108	114	115	117	149	161	168	171	172	206	207	212	217	223	242	249	260	280	295
1830	-1	108	109	195	205	207	223	248	272	280
1831	-1	108	109	170	207	281
1832	-1	108	109	117	171	217	281	293
1833	-1	108	109	115	156	161	165	171	194	207	208	212	216	217	218	222	223	242	250	295
1834	-1	108	109	114	115	149	156	172	216	218	231	240	260	269	299
1835	-1	107
1836	-1	107	299
1837	-1	107	293
1838	-1	107	281
1839	-1	107	281	299
1840	-1	107	270
1841	-1	107	265	270
1842	-1	107	247	252
1843	-1	107	221	249	272
1844	-1	107	221	222
1845	-1	107	217
1846	-1	107	217	293
1847	-1	107	209	247	252
1848	-1	107	207	293
1849	-1	107	207	250
1850	-1	107	207	217
1851	-1	107	207	217	294
1852	-1	107	206	217
1853	-1	107	195
1854	-1	107	193	206	207	217
1855	-1	107	171	248	249	281	298
1856	-1	107	171	207	281	298
1857	-1	107	169	261
1858	-1	107	168	299
1859	-1	107	168	283
1860	-1	107	168	217	249	280	295
1861	-1	107	168	207
1862	-1	107	168	207	281
1863	-1	107	168	206	217	248	281	282	295
1864	-1	107	168	205	272	295
1865	-1	107	161	207	216	281
1866	-1	107	161	171	216
1867	-1	107	158	164	206
1868	-1	107	157
1869	-1	107	157	217	298
1870	-1	107	157	171	225	252	283
1871	-1	107	154	277
1872	-1	107	154	208	231	245	252	270
1873	-1	107	149	205	272	281
1874	-1	107	149	168	205
1875	-1	107	149	168	205	216	248
1876	-1	107	148	206	261
1877	-1	107	146
1878	-1	107	146	170
1879	-1	107	146	169	217	248	281
1880	-1	107	146	154	161	164	169	242	252	280
1881	-1	107	144	149	295
1882	-1	107	118	168	207	218
1883	-1	107	118	149	241	248	261	272	281
1884	-1	107	117	225	227
1885	-1	107	117	217
1886	-1	107	117	217	281
1887	-1	107	117	217	280	281	298
1888	-1	107	117	217	245	281	295
1889	-1	107	117	207	208	270	295
1890	-1	107	117	205
1891	-1	107	117	205	217	242	252
1892	-1	107	117	205	207	222	223	228	229	260	272
1893	-1	107	117	171	206	229	252	260
1894	-1	107	117	168	216	217	295
1895	-1	107	117	161
1896	-1	107	117	161	164	208	217	282
1897	-1	107	117	156	205	207	281	294
1898	-1	107	117	154	216	295
1899	-1	107	117	149	217
1900	-1	107	117	149	217	248	249	261	280	295
1901	-1	107	117	148	149	168	205	217	249	272	280	281	295
1902	-1	107	117	144	169	206	269	297	299
1903	-1	107	117	144	148	149	206	207	244	248	249	270	271
1904	-1	107	117	118	119	282
1905	-1	107	115	168	195	206	222	260
1906	-1	107	115	117	168	207	222	226	247	263	281
1907	-1	107	115	117	144	149	171	194	205	207	216	217	223	252	282	298
1908	-1	107	115	117	144	149	161	171	207	217	225	227	263	277
1909	-1	107	114	229	240	261	281	282
1910	-1	107	114	144	149	164	239	249
1911	-1	107	114	117	157	209	212	222	265	270	299
1912	-1	107	114	117	149	207	217	226	229	249	295
1913	-1	107	114	115	205	216	217	244	249	260
1914	-1	107	114	115	149	172	207	270
1915	-1	107	109
1916	-1	107	109	209
1917	-1	107	109	205	224	280
1918	-1	107	109	171	206	207	223	263	281	282	298
1919	-1	107	109	115	144	171	206	207	231	260	283	294	299
1920	-1	107	109	115	117	144	149	171	207	208	222	223	232	244	282	298
1921	-1	107	108	171	207	217
1922	-1	107	108	117	217	281
1923	-1	107	108	117	149	248	249
1924	-1	107	108	117	149	161	168	231	299
1925	-1	107	108	114	117	149	161	168	249	271	299
1926	-1	107	108	109	149	155	163	169	170	226	232	280	299
1927	-1	106
1928	-1	106	295
1929	-1	106	281
1930	-1	106	273
1931	-1	106	273	294
1932	-1	106	248
1933	-1	106	247
1934	-1	106	229	281
1935	-1	106	229	250	281
1936	-1	106	221
1937	-1	106	221	294
1938	-1	106	221	244	248	265	281
1939	-1	106	217
1940	-1	106	216	281
1941	-1	106	208
1942	-1	106	207	227
1943	-1	106	207	217	260
1944	-1	106	207	217	250
1945	-1	106	207	212	229	260	295	298
1946	-1	106	206	207
1947	-1	106	205
1948	-1	106	195	281
1949	-1	106	194	207	226	231	249	298
1950	-1	106	193	207	217
1951	-1	106	183
1952	-1	106	183	207	216	281
1953	-1	106	171	207	217	250
1954	-1	106	168
1955	-1	106	168	248	249
1956	-1	106	168	240	297
1957	-1	106	168	216	248
1958	-1	106	168	216	217	248
1959	-1	106	168	206	207	217	223	281
1960	-1	106	168	205	206	281	295	298
1961	-1	106	168	172	218	232
1962	-1	106	164
1963	-1	106	164	171	217	231	295
1964	-1	106	163	206	248
1965	-1	106	161	228
1966	-1	106	157	206	207	223
1967	-1	106	157	171	229	281
1968	-1	106	156	206	223	294
1969	-1	106	155	217
1970	-1	106	155	169	195	207	235	248	272
1971	-1	106	154	171	281
1972	-1	106	154	164	252	294
1973	-1	106	154	164	194	216	231	261	281
1974	-1	106	152
1975	-1	106	149	272
1976	-1	106	149	217	242	248	249
1977	-1	106	149	208
1978	-1	106	149	171	231	236	244	281
1979	-1	106	149	171	207	252	269
1980	-1	106	149	171	207	208	221	236	272
1981	-1	106	149	168	280	281	295
1982	-1	106	149	168	208	272
1983	-1	106	149	161	168	171	207	217
1984	-1	106	149	154	157	171	195	205	206	207	248	252	280	283	298
1985	-1	106	148	272
1986	-1	106	148	205	223	263	265	272	277	278
1987	-1	106	148	171	265	272
1988	-1	106	148	168
1989	-1	106	148	161	195
1990	-1	106	147	207	281
1991	-1	106	147	161	207	272	281
1992	-1	106	146	216	281
1993	-1	106	146	183	216	281
1994	-1	106	146	161	228	240	248	299
1995	-1	106	146	158	164	217
1996	-1	106	144	149	171	195	205	207	295	299
1997	-1	106	119	207	208	241
1998	-1	106	119	165	168	249	295
1999	-1	106	118	206	273	295
2000	-1	106	118	205	221	222	223	272	294
2001	-1	106	118	169	269	272	295
2002	-1	106	118	119
2003	-1	106	118	119	171	223	241	248	281
2004	-1	106	117	295
2005	-1	106	117	248
2006	-1	106	117	241	281
2007	-1	106	117	225	227	281	298
2008	-1	106	117	223	248
2009	-1	106	117	223	248	282
2010	-1	106	117	217	250	277
2011	-1	106	117	217	248
2012	-1	106	117	217	218	280
2013	-1	106	117	208	223	248
2014	-1	106	117	207	217	223	248	281
2015	-1	106	117	207	217	223	228	248	281
2016	-1	106	117	206	298
2017	-1	106	117	205
2018	-1	106	117	205	252	298
2019	-1	106	117	205	223
2020	-1	106	117	195	217
2021	-1	106	117	195	217	218	249	250	277	278	281	295
2022	-1	106	117	171	206	252	272
2023	-1	106	117	168	206	217	218
2024	-1	106	117	164	205
2025	-1	106	117	161	217	282
2026	-1	106	117	158	205	223	294
2027	-1	106	117	157	205	216
2028	-1	106	117	154	223	248	252
2029	-1	106	117	154	216	244	281
2030	-1	106	117	154	205
2031	-1	106	117	154	205	223
2032	-1	106	117	149	217	248	297
2033	-1	106	117	149	207	217	281
2034	-1	106	117	149	207	208	217	232	248	250	272
2035	-1	106	117	149	171	207	217	218	298
2036	-1	106	117	149	168	207	298	299
2037	-1	106	117	148
2038	-1	106	117	148	168	217
2039	-1	106	117	148	168	170
2040	-1	106	117	146	216	217	281
2041	-1	106	117	118	146	216	281
2042	-1	106	117	118	146	154	216	281
2043	-1	106	115
2044	-1	106	115	242	281	299
2045	-1	106	115	226	232	249
2046	-1	106	115	194	281
2047	-1	106	115	168
2048	-1	106	115	168	222	248	250	281	299
2049	-1	106	115	168	207	208	249
2050	-1	106	115	168	205	208	217	250
2051	-1	106	115	161	168	194	196	217	241	272	281	295
2052	-1	106	115	154	164	208	227	239	260
2053	-1	106	115	149	240	265
2054	-1	106	115	149	154	195	207	222	227	231	261	281	299
2055	-1	106	115	148	205	248
2056	-1	106	115	118	157	168	217	272
2057	-1	106	115	117	205
2058	-1	106	115	117	154	161	194	217
2059	-1	106	115	117	149	171	206	207	217	218	222	228	248	280	282	298
2060	-1	106	115	117	149	168	194	217	242	280	281	295
2061	-1	106	114	281
2062	-1	106	114	149	164	171	205	225	244	249	265
2063	-1	106	114	149	161	172	229	280	281
2064	-1	106	114	117	158	168	172	207	217	221	236	242	248	281
2065	-1	106	114	117	149	229	249
2066	-1	106	114	117	149	172	193	217	221	231	240	248	249	295
2067	-1	106	114	117	146	148	205	240	249	272	281	295
2068	-1	106	114	115	149	206	217	281	295
2069	-1	106	114	115	117	172	207	208	281	298
2070	-1	106	114	115	117	168	207	217	248	249
2071	-1	106	114	115	117	149	205	242	260	295
2072	-1	106	114	115	117	149	161	171	172	217	218	242
2073	-1	106	114	115	117	149	155	217	231	240	248	249	270	281	299
2074	-1	106	114	115	117	146	149	217	242	248	249	295
2075	-1	106	109
2076	-1	106	109	207	250	281
2077	-1	106	109	205	212	265
2078	-1	106	109	168	221	235	248
2079	-1	106	109	161
2080	-1	106	109	157	207	221	228	265	283	294
2081	-1	106	109	144	206	207
2082	-1	106	109	119	155	169	222	249	281
2083	-1	106	109	117	205
2084	-1	106	109	117	194	207	209	217	218	231	270	281	297	298
2085	-1	106	109	117	118	146	207	226	248	281
2086	-1	106	109	115
2087	-1	106	109	115	149	155	168	171	207	217	218	222	223	224	248	265	281	295
2088	-1	106	109	115	117	119	149	168	217	272	280	295
2089	-1	106	108	146	155	158	207	221	281	295
2090	-1	106	108	117	207	217	223	248	281
2091	-1	106	108	115	241	261	272	281
2092	-1	106	108	115	117	148	171	205	217	229	241	272	295	299
2093	-1	106	108	109	206	207	281	299
2094	-1	106	107	282
2095	-1	106	107	149	248	272	281
2096	-1	106	107	149	205	228	247	250	261
2097	-1	106	107	119	169	248	249	281	298
2098	-1	106	107	117	241	281
2099	-1	106	107	117	227	231	248	263	277
2100	-1	106	107	117	207
2101	-1	106	107	117	165	227	231	248	263	277
2102	-1	106	107	117	154	223	248
2103	-1	106	107	114	172
2104	-1	106	107	114	149	195	231	240	249	280	281	295
2105	-1	106	107	109	207	212	216	235	237	283	295
2106	-1	106	107	108	114	117	158	168	169	172	206	207	217	223	240	242	281	282
2107	-1	105
2108	-1	105	263
2109	-1	105	245	293
2110	-1	105	225
2111	-1	105	217
2112	-1	105	216	247	250	263	277	299
2113	-1	105	205
2114	-1	105	173	183	223	245	277
2115	-1	105	173	183	223	245	277	282
2116	-1	105	168	244
2117	-1	105	168	197	205	212
2118	-1	105	161	169	206	207	270	298
2119	-1	105	147	149	161	165	217	218	265
2120	-1	105	117	263
2121	-1	105	117	173	183	223	245	277
2122	-1	105	117	171	207	231	247	281
2123	-1	105	115	168	217	277
2124	-1	105	115	168	206	229
2125	-1	105	115	117	169	217
2126	-1	105	109	212	269	293
2127	-1	105	109	168	206	244
2128	-1	105	107	157	207	244	252
2129	-1	105	106	149	171	195	205	208	248	249	281	295	299
2130	-1	105	106	117	195	242
2131	-1	104
2132	-1	104	282
2133	-1	104	247	294
2134	-1	104	247	282
2135	-1	104	247	263	272	283
2136	-1	104	244
2137	-1	104	229
2138	-1	104	225	231	263	292
2139	-1	104	223
2140	-1	104	209	228	247	282	283
2141	-1	104	207
2142	-1	104	207	223
2143	-1	104	207	222
2144	-1	104	207	217	260
2145	-1	104	206
2146	-1	104	206	250	277
2147	-1	104	206	208
2148	-1	104	206	208	209	240	250
2149	-1	104	205	294
2150	-1	104	171	207
2151	-1	104	171	206	207	226	247	261
2152	-1	104	171	193	231	270	283
2153	-1	104	165	207	247	282	294
2154	-1	104	161	168	247
2155	-1	104	157	171	207	250	252	282	294
2156	-1	104	157	171	206	207	228	240	247	282	283
2157	-1	104	157	164	194	207	239	252	294
2158	-1	104	156	221	294
2159	-1	104	154	207	294	298
2160	-1	104	154	171	247	252	282
2161	-1	104	149
2162	-1	104	147	168	207	218	281
2163	-1	104	146	227	265
2164	-1	104	145
2165	-1	104	144	156	165	207	252	294
2166	-1	104	119	265	272
2167	-1	104	119	218	295
2168	-1	104	118	205	221	222	232	248	272
2169	-1	104	117	223	229	248	295
2170	-1	104	117	217
2171	-1	104	117	217	223
2172	-1	104	117	206	217	236	272	294
2173	-1	104	117	206	207	208	218	252	283
2174	-1	104	117	168	206	207	217	294
2175	-1	104	117	154	155	208	250	252
2176	-1	104	117	149	206	217	282
2177	-1	104	117	148	168
2178	-1	104	117	148	149	168	171	172	205	207	209	242	248	249	295	298
2179	-1	104	117	146	217
2180	-1	104	117	146	209	217	294
2181	-1	104	117	146	169	207	217	252	260	298
2182	-1	104	117	118	168	218	223
2183	-1	104	115	206	216	217	294
2184	-1	104	115	149	161	171	206	207	218	223
2185	-1	104	114	207	222	223	252	294
2186	-1	104	114	149	229	249	295
2187	-1	104	114	117	157	165	171	194	207	217	218	244	281
2188	-1	104	114	117	149	156	194	206	217	282	283
2189	-1	104	109	207	223	299
2190	-1	104	109	156	171	197	207	249	276	294
2191	-1	104	109	149	157	161	171	207	217
2192	-1	104	109	114	117	146	148	149	161	195	207	223	265	282
2193	-1	104	108	218	280
2194	-1	104	108	149	171	218	223	247	280	282
2195	-1	104	106
2196	-1	104	106	260
2197	-1	104	106	168	208	217	221	222	272	281
2198	-1	104	106	168	172	208	217	221	222	263	272	281	294
2199	-1	104	106	154	216	281	299
2200	-1	104	106	149	207	252	265	272
2201	-1	104	106	117	207	226	228	247
2202	-1	104	106	117	171	206	207	217	282
2203	-1	104	106	109	115	171	195	206	207
2204	-1	104	106	107	108	114	149	154	229	247	248	265
2205	-1	104	105	117	149	168	217	250	263
2206	-1	104	105	107	117	157	173	183	212	223	277
2207	-1	103
2208	-1	103	281
2209	-1	103	248
2210	-1	103	229	272	295
2211	-1	103	205	280
2212	-1	103	194
2213	-1	103	170	196	277	297
2214	-1	103	169	216	265
2215	-1	103	168	205	281
2216	-1	103	154	157	207	235	240	252
2217	-1	103	149	248
2218	-1	103	149	170	242
2219	-1	103	146	168	206	242	248	280
2220	-1	103	146	149	207	217	229	232	248	260	295
2221	-1	103	145
2222	-1	103	145	170	196	207	270	277	282	297
2223	-1	103	144	171	183	207	242	248	261
2224	-1	103	118	205	221	222	272
2225	-1	103	118	146	205	216	217	221	222	272
2226	-1	103	117	171	217
2227	-1	103	117	161	217	248	280	281
2228	-1	103	117	146	149	169	265
2229	-1	103	117	146	148	168	248
2230	-1	103	117	144	171	183	205	207	217	222	223	227	242	261
2231	-1	103	115	146	299
2232	-1	103	115	144	149	194	206	221	249	295
2233	-1	103	115	117	232	242	249	260
2234	-1	103	114	171	240	273
2235	-1	103	114	117	172	217	229	281
2236	-1	103	114	117	148	149	171	217	242	260
2237	-1	103	109	217	250	255	277
2238	-1	103	109	161	207	217	280	281
2239	-1	103	108	149	170	240	248	249	281
2240	-1	103	108	147	149	212	248	261
2241	-1	103	108	117	188	194	206	217	219	229	248	281	295	299
2242	-1	103	107	260
2243	-1	103	107	147	149	231
2244	-1	103	107	114	149	207	227	231	232	295
2245	-1	103	106	108	119	146	149	168	170	208	236	241	245	249	261	265	271	272	281	295
2246	-1	103	106	107	149	168	216	229	242	295
2247	-1	103	104	108	212	240	249
2248	-1	102
2249	-1	102	298
2250	-1	102	294
2251	-1	102	277
2252	-1	102	250
2253	-1	102	239	252
2254	-1	102	228
2255	-1	102	216
2256	-1	102	216	298
2257	-1	102	207
2258	-1	102	207	217
2259	-1	102	206	227
2260	-1	102	206	207	270
2261	-1	102	205	217	281	295
2262	-1	102	205	206	240
2263	-1	102	194
2264	-1	102	171	216
2265	-1	102	171	207
2266	-1	102	169	205	281	298
2267	-1	102	168	250
2268	-1	102	168	217	225	281
2269	-1	102	168	195	206	207	281
2270	-1	102	168	169	171	206	295
2271	-1	102	164	206	235	252	261	282
2272	-1	102	161	276
2273	-1	102	161	238
2274	-1	102	157	247	252	280	294
2275	-1	102	156	252	281	282
2276	-1	102	154
2277	-1	102	149	168	223	244	260
2278	-1	102	148	206	207	226	252	265	281	282
2279	-1	102	148	205	207	221	222	241	248	272	295
2280	-1	102	148	168
2281	-1	102	146	154	168	196	206	249	280
2282	-1	102	144	206	207	248	299
2283	-1	102	144	169	207	226	250	282
2284	-1	102	144	147	149	155	156	170	171	206	227	229	231	239	250	281
2285	-1	102	117	217
2286	-1	102	117	161	171	244	270
2287	-1	102	117	161	168	171	217	298
2288	-1	102	117	157	195	207	244
2289	-1	102	117	157	158	165	171	206	207	216	223	270	283	299
2290	-1	102	117	149	206	207	217
2291	-1	102	117	148	206	207	252	265	272	282	298
2292	-1	102	117	148	154	168	217	223
2293	-1	102	117	118	207
2294	-1	102	117	118	168	217
2295	-1	102	115	218	252
2296	-1	102	115	168	250
2297	-1	102	115	168	206	207
2298	-1	102	115	161	168	207
2299	-1	102	115	149
2300	-1	102	115	148	171	207	208	221	222	265	282	294
2301	-1	102	115	144	149	161	206	207
2302	-1	102	115	118	207	223	252
2303	-1	102	114	206	207	226	227	283
2304	-1	102	114	146	149	168	207	272	280
2305	-1	102	114	115	117	157	171	207	209	212	223	227	270	277	298	299
2306	-1	102	109	217	223
2307	-1	102	109	207	265	270
2308	-1	102	109	157	207	209	247
2309	-1	102	109	156	161	206	207	222	250
2310	-1	102	109	117	164	207	217	223	282	283
2311	-1	102	109	115	207	261	282	299
2312	-1	102	109	115	206	207	250	283
2313	-1	102	109	115	145	157	169	172	207	232	252	282	283	298
2314	-1	102	109	115	144	171	207	277	279
2315	-1	102	109	115	144	158	171	218
2316	-1	102	109	114	115	117	146	156	171	206	207	217	221	231	239	260	270	283	299
2317	-1	102	108	146	147	148	161	169	206	207	208	252	261	295
2318	-1	102	108	117	171	207	223	227	248	249	250	260	270	271	272	281	297	299
2319	-1	102	108	117	118	157	206	207	216	217	218	223	280	281
2320	-1	102	108	115	260	281
2321	-1	102	108	114	117	146	147	149	156	157	171	206	207	217	227	272	281	283	299
2322	-1	102	108	109	171	206	207	281
2323	-1	102	107	208	249	277
2324	-1	102	107	205	241
2325	-1	102	107	156	196	207	223	226	283
2326	-1	102	107	117	161	168	207	217	270	297	298
2327	-1	102	107	114	115	168	221	297	298
2328	-1	102	107	109	148	206	207	229	252	265	283
2329	-1	102	107	109	147	169	223	250
2330	-1	102	107	109	117	168	171	207	217	223	260	281	282	295	299
2331	-1	102	106	206	207	218	226	248
2332	-1	102	106	157	206	298
2333	-1	102	106	117	190	191	197	222	247	263
2334	-1	102	106	117	148	149	171	217	218	223	227	249	289
2335	-1	102	106	108	117	217	218	280
2336	-1	102	105	109	117	164	169	171	195	206	207	216	223	242	250
2337	-1	102	104	117	171	206	207
2338	-1	102	104	107	109	206	207
2339	-1	102	103	107	109	118	119	157	158	165	169	170	196	207	222	250	272	277	297	298	299
2340	-1	101
2341	-1	101	294
2342	-1	101	282
2343	-1	101	281
2344	-1	101	209	269
2345	-1	101	209	223	269
2346	-1	101	208	221	299
2347	-1	101	207
2348	-1	101	207	223	294	298
2349	-1	101	206
2350	-1	101	171	221	269
2351	-1	101	171	206	227	298
2352	-1	101	168	250
2353	-1	101	168	216
2354	-1	101	168	207
2355	-1	101	165	206	222	269	282
2356	-1	101	164
2357	-1	101	164	206	208	223	252
2358	-1	101	164	205	206	207	226	229	298
2359	-1	101	164	171	206	207
2360	-1	101	161	171	217	223	250	281
2361	-1	101	157	209	269
2362	-1	101	157	209	223	269	294
2363	-1	101	156	206	207	222	223
2364	-1	101	154	209	223	269
2365	-1	101	154	164	223
2366	-1	101	154	164	209	269
2367	-1	101	149
2368	-1	101	149	209	221
2369	-1	101	149	161	168	207	208
2370	-1	101	144	171	205
2371	-1	101	144	154
2372	-1	101	117
2373	-1	101	117	169
2374	-1	101	117	148	209	269
2375	-1	101	117	148	209	216	269
2376	-1	101	117	146	164	217
2377	-1	101	115	147	157	171	205	206	207	221	222	225	227	229	239	240	252	269	281	282	294	299
2378	-1	101	115	117	157	158	164	165	169	171	206	207	239	252	269
2379	-1	101	115	117	154	171	207	239	282	299
2380	-1	101	114
2381	-1	101	114	164	235	269
2382	-1	101	114	154
2383	-1	101	109	194	206	207
2384	-1	101	109	164	168
2385	-1	101	109	156	157	207	281
2386	-1	101	109	115	117	144	164	165	171	207	229	269	282
2387	-1	101	109	115	117	144	145	157	158	164	171	207	208	221	222	239	269	299
2388	-1	101	109	114	117	217
2389	-1	101	108	117	164	217	218	265
2390	-1	101	107	117	144	146	154	216	250
2391	-1	101	106
2392	-1	101	106	164	217
2393	-1	101	106	164	209	223	269	294
2394	-1	101	106	154	209	223	252	269	294
2395	-1	101	106	117	149	205	209	221	252
2396	-1	101	106	117	149	154	205	209	221	252
2397	-1	101	106	117	149	154	205	209	221	252	294
2398	-1	101	106	107	157	164	168	229	252	269	298
2399	-1	101	104	209	223	269
2400	-1	101	104	205	207	242
2401	-1	101	104	161	206	207	228	269
2402	-1	101	104	154	164	206	221	223	239	294
2403	-1	101	104	117	207	235	299
2404	-1	101	104	114	269
2405	-1	101	104	109	117	144	165	171	208	209	270	281
2406	-1	101	104	109	115	144	164	165	171	207	229	269	282
2407	-1	101	104	109	114	145	168	172	194	207	209	229	281
2408	-1	101	104	109	114	117	145	156	164	194	206	207	208	209	212	221	269	270	299
2409	-1	101	104	109	114	115	117	161	164	172	207	226	229	252	269	281	298
2410	-1	101	104	109	114	115	117	144	149	157	158	161	164	171	206	207	209	216	242	269	283
2411	-1	101	104	108	149	157	171
2412	-1	101	104	106	157	206	221
2413	-1	101	104	106	117	149	161	164	171	217	281
2414	-1	101	104	106	109	115	145	157	161	171	205	207	216	229	235	240
2415	-1	101	102	114	144	145	157	158	164	165	169	171	206	207	227	236	239	269	281	298
2416	-1	101	102	114	115	117	145	146	156	207	208	217	221	239
2417	-1	101	102	107	281
2418	-1	100	109	272
2419	-1	99
2420	-1	99	272
2421	-1	99	248
2422	-1	99	248	261
2423	-1	99	233
2424	-1	99	226	248
2425	-1	99	225
2426	-1	99	225	233	277	281
2427	-1	99	218
2428	-1	99	218	223	258
2429	-1	99	217	249	297
2430	-1	99	217	249	295	297
2431	-1	99	217	249	272	273	297
2432	-1	99	217	248	249	295	297
2433	-1	99	217	218	226
2434	-1	99	207	295	298
2435	-1	99	195	217	249	297
2436	-1	99	171	206	207	217	281
2437	-1	99	157	205	206	242	294
2438	-1	99	154	218
2439	-1	99	149	248
2440	-1	99	149	226	248
2441	-1	99	117	217	218	223	280
2442	-1	99	109	218	248	280	298
2443	-1	99	109	114	206	207	252	294
2444	-1	99	108	274
2445	-1	99	107	206	212	225	295
2446	-1	99	107	115	149	171	205	272	281
2447	-1	99	106	212	225	233	281
2448	-1	99	106	144
2449	-1	99	103	161	236
2450	-1	98
2451	-1	98	294
2452	-1	98	277
2453	-1	98	263
2454	-1	98	263	277
2455	-1	98	252	277	295
2456	-1	98	250	277	278
2457	-1	98	217	277
2458	-1	98	207	217	250	277
2459	-1	98	206	207	225	250	263
2460	-1	98	169	208	223	247	250	277	295
2461	-1	98	156	247	263	281	299
2462	-1	98	146
2463	-1	98	117	217	250
2464	-1	98	117	147	156	164	206	207	225	235	250
2465	-1	98	117	146	252
2466	-1	98	115	217
2467	-1	98	115	168	277
2468	-1	98	115	168	250	277
2469	-1	98	115	168	217	277
2470	-1	98	115	168	217	263	277
2471	-1	98	115	168	207	277
2472	-1	98	115	117	168	217	250	277
2473	-1	98	108	169	277
2474	-1	98	106	115	117	295
2475	-1	98	105	206	207	222
2476	-1	98	105	169	208	282
2477	-1	98	105	154	206	207	298
2478	-1	98	105	117	207	232	244	247	299
2479	-1	98	105	117	206	207	247	272	294
2480	-1	98	105	117	206	207	223
2481	-1	98	105	117	172	206	226
2482	-1	98	105	117	171	183	222	223	226	244	247	249	272
2483	-1	98	105	117	149	157	207	222	226	294	298	299
2484	-1	98	105	115	171	240	272
2485	-1	98	105	115	168	217	277
2486	-1	98	105	115	154	206	207	216	252	282	294	299
2487	-1	98	105	115	117	247	252	282
2488	-1	98	105	107	115	117	171	207	281	298
2489	-1	98	105	106	115	117	161	172	207	232	244	252
2490	-1	98	102	154	161	195	206	223	247	261
2491	-1	98	102	105	173	183	223	245	272	277
2492	-1	98	101
2493	-1	98	101	195	252	295
2494	-1	98	101	105	117	161	168	206	207	216	226	247
2495	-1	98	101	102	109	144	207	223	247	250	263	283	294
2496	-1	97
2497	-1	97	265	272
2498	-1	97	250	265
2499	-1	97	239	294
2500	-1	97	223
2501	-1	97	223	252
2502	-1	97	218	280
2503	-1	97	218	223	252
2504	-1	97	217
2505	-1	97	217	224	281	295
2506	-1	97	208	281	299
2507	-1	97	206	217	261
2508	-1	97	206	208
2509	-1	97	206	207	240
2510	-1	97	205	221	222	272
2511	-1	97	171	294
2512	-1	97	171	207
2513	-1	97	171	207	216	223	252
2514	-1	97	158	170	205	206	212	221	231	240	260	295
2515	-1	97	154	223	294
2516	-1	97	149	235	248	258	261	281
2517	-1	97	149	229	261
2518	-1	97	149	194	207	231	232	249	260	274	281
2519	-1	97	149	171	207	216	228	229	282	298
2520	-1	97	147
2521	-1	97	147	149	161	165	217	218	248	265
2522	-1	97	146	149	161	242
2523	-1	97	145	147	158	194	206	208	226	236	281	282	294
2524	-1	97	144	207	231
2525	-1	97	144	205	207	231
2526	-1	97	117	281
2527	-1	97	117	171	222	238	242	250	282
2528	-1	97	115
2529	-1	97	115	156	161	226	227	281	282
2530	-1	97	115	154	164	195	206	207	244	265	270	281	282	294
2531	-1	97	115	149	295
2532	-1	97	115	119	207	217	260	295
2533	-1	97	115	117	171	217	218	223
2534	-1	97	115	117	149	217	218	241	271	272
2535	-1	97	115	117	149	171	217	218
2536	-1	97	115	117	148	217	229	242
2537	-1	97	114	145	149	170	172	216	221	231	232	248
2538	-1	97	109	114	117	146	154	156	169	172	206	207	208	217	221	225	227	240	294	298
2539	-1	97	109	114	117	144	146	206	207	217	227	261	298	299
2540	-1	97	109	114	115	117	171	206	207	209	212	222	270	283
2541	-1	97	109	114	115	117	171	205	206	261
2542	-1	97	109	114	115	117	146	154	156	157	161	171	172	206	207	208	217	221	227	239	252	281	298
2543	-1	97	108	115	144	171	206	238	299
2544	-1	97	108	115	117	172	207	217	281	298
2545	-1	97	108	114	117	149	209	212	223	270
2546	-1	97	106	217	295
2547	-1	97	106	216	281
2548	-1	97	106	216	231	261	281	294
2549	-1	97	106	168	207	217	265	281
2550	-1	97	106	161	212	218
2551	-1	97	106	154	216	232	281
2552	-1	97	106	117
2553	-1	97	106	117	205
2554	-1	97	106	117	205	206
2555	-1	97	106	117	154	223	248
2556	-1	97	106	117	154	223	248	252	294
2557	-1	97	106	115	216	221
2558	-1	97	106	115	168	205	207	248	281
2559	-1	97	106	115	149	195	281
2560	-1	97	106	115	117	144	149	217	249	295
2561	-1	97	106	114	242	281
2562	-1	97	106	109	117	205	207
2563	-1	97	105	173	183	223	245	277
2564	-1	97	105	106	117	161	173	183	205	223	245	277
2565	-1	97	104	298
2566	-1	97	104	109	144	145	206	207	252	283	294	298
2567	-1	97	104	107	109	115	207	248	261	281	294	299
2568	-1	97	104	106	108	114	144	147	171	206	207	228	229	235	240
2569	-1	97	104	106	107	154	216	252	281
2570	-1	97	103	106	149	195	228
2571	-1	97	102	194	281
2572	-1	97	102	115	144	207	216	281
2573	-1	97	102	114	115	117	144	146	156	157	207	217	221	239	265	299
2574	-1	97	102	109	115	156	207	208	223	270	281	299
2575	-1	97	102	107	154	157	217	223	281	282	294	299
2576	-1	97	102	107	117	144	168	207	217	221	226	232	261	272	299
2577	-1	97	102	106	107	144	156	161	168	169	171	206	207	216	281	282
2578	-1	97	102	103	164	168	169	207	212	222	223	248	265	272	277	281	298	299
2579	-1	97	101	102	114	115	117	144	146	206	207	217	221	281	283	298
2580	-1	96	167	212	257	277	281
2581	-1	96	167	212	225	233	257	277	281
2582	-1	96	161	167	168	212	225	233	257	277	281	299
2583	-1	96	108	117	167	212	217	257	277	281	295
2584	-1	96	102	106	109	115	167	190	212	225	228	233	257	277	281	292
2585	-1	93	237	281
2586	-1	93	157	164	206	208	231	235	238	249	294	298
2587	-1	93	118	157	205	206	221	222	232	252	272	281	294
2588	-1	93	115	168	295
2589	-1	93	115	117	148	281	295
2590	-1	93	99	217	249	293	297
2591	-1	93	97	117	118	146	169	281
2592	-1	93	95	117	205
2593	-1	93	95	115	295
2594	-1	93	95	115	117	168
2595	-1	93	95	115	117	168	218
2596	-1	93	95	106	115	117	168	231	261
2597	-1	93	95	97	107	115	117	168	228	250
2598	-1	93	94
2599	-1	93	94	260
2600	-1	93	94	212
2601	-1	93	94	206
2602	-1	93	94	118	119
2603	-1	93	94	117	118	119
2604	-1	93	94	106	107	117	118	206	250	263	277
2605	-1	93	94	95	117
2606	-1	93	94	95	115	117	241
2607	-1	93	94	95	115	117	168
2608	-1	93	94	95	115	117	161	168	206	252
2609	-1	93	94	95	107	115	117	168	223	247
2610	-1	93	94	95	106	115	117	168
2611	-1	93	94	95	97	115	117	144	168	216	223	295	298
2612	-1	91
2613	-1	91	280	283
2614	-1	91	217
2615	-1	91	212	272
2616	-1	91	207	249	280
2617	-1	91	206	232
2618	-1	91	171	294
2619	-1	91	157	168	206	281
2620	-1	91	154	252	280	281
2621	-1	91	154	161	164	280
2622	-1	91	154	155	252	276
2623	-1	91	154	155	171	207	252	261	280
2624	-1	91	149	281	295
2625	-1	91	144	149	161	168	171	206	207	217	225	240	245	248	261	281	295
2626	-1	91	117	217
2627	-1	91	105	240	242	247
2628	-1	91	102	157	165	207	223	280
2629	-1	91	93	95	106	115	117	158	168	206	261
2630	-1	91	92	106	217	242	260
2631	-1	90
2632	-1	90	295
2633	-1	90	294
2634	-1	90	281
2635	-1	90	272
2636	-1	90	261	281
2637	-1	90	244
2638	-1	90	217	295
2639	-1	90	217	272
2640	-1	90	217	223	295
2641	-1	90	206	208	223	272
2642	-1	90	171	206	207	298
2643	-1	90	169	205	218	245
2644	-1	90	168
2645	-1	90	161	242	252	269	280
2646	-1	90	148
2647	-1	90	146
2648	-1	90	146	229	295
2649	-1	90	146	228
2650	-1	90	146	218	223
2651	-1	90	146	161
2652	-1	90	146	154
2653	-1	90	146	148
2654	-1	90	144	149	157	206	207	235	236	239	248	250	255	272
2655	-1	90	118
2656	-1	90	118	252
2657	-1	90	118	119	161
2658	-1	90	117
2659	-1	90	117	294
2660	-1	90	117	293
2661	-1	90	117	269
2662	-1	90	117	248
2663	-1	90	117	247	299
2664	-1	90	117	226	299
2665	-1	90	117	217
2666	-1	90	117	217	281
2667	-1	90	117	217	221	265
2668	-1	90	117	206
2669	-1	90	117	171	206	207	217	218	222	226	249	260	281	295
2670	-1	90	117	149	161	168	242	280	281
2671	-1	90	117	149	161	168	217	223	248	261	295
2672	-1	90	117	148	168	295
2673	-1	90	117	146	161	190	217
2674	-1	90	117	146	149
2675	-1	90	117	119	271	277
2676	-1	90	117	119	244	271	277
2677	-1	90	117	119	171	271	277
2678	-1	90	116	217	218	247	295
2679	-1	90	115	171	217	227	295
2680	-1	90	115	168
2681	-1	90	115	156	164	170	171	193	206	207	227	231	248	261	270	281
2682	-1	90	115	149	168	195	218	223	281
2683	-1	90	115	117	161	172	218	281	283	298
2684	-1	90	115	117	148	168	206	217	250	261	295
2685	-1	90	115	117	148	161	250	277	281
2686	-1	90	115	117	148	161	195	196	231	250	258	263	277	281
2687	-1	90	114	117	223	242	244	263
2688	-1	90	114	117	149	172	217	242	249	295
2689	-1	90	109
2690	-1	90	108	194	281
2691	-1	90	108	149	168	249	272	281	295
2692	-1	90	107
2693	-1	90	106	240	265	280
2694	-1	90	106	217
2695	-1	90	106	217	232	281	295
2696	-1	90	106	208	216
2697	-1	90	106	208	216	223
2698	-1	90	106	146
2699	-1	90	106	117	208	216	217	223
2700	-1	90	106	117	119	157	206	223	250	271	277
2701	-1	90	106	117	119	155	171	249	271	277	281
2702	-1	90	106	117	119	149	161	162	171	193	206	217	221	231	236	242	252	272	281	295
2703	-1	90	106	117	118	146	149	216	217	241	281	295
2704	-1	90	106	115	161	168	207	217	292	295
2705	-1	90	106	109	115	117	172	261	281	298	299
2706	-1	90	106	109	115	117	148	157	161	250	261	277	281
2707	-1	90	104	244
2708	-1	90	104	118	223
2709	-1	90	104	117	170
2710	-1	90	104	115	117	149	205	217	248	272	295
2711	-1	90	104	115	117	149	205	217	248	272	273
2712	-1	90	104	115	117	149	205	217	248	252	272
2713	-1	90	104	115	117	149	171	205	217	223	248	272
2714	-1	90	104	115	117	149	171	205	207	248	272	282	295
2715	-1	90	104	115	117	149	168	205	217	248	272	281
2716	-1	90	104	115	117	149	161	205	223	248	272
2717	-1	90	104	115	117	146	149	171	205	207	248	272	282	298
2718	-1	90	104	115	117	119	149	161	171	205	217	248	272	273
2719	-1	90	104	115	117	119	149	154	205	217	248	252	272	273
2720	-1	90	104	115	117	118	119	149	161	165	171	205	217	223	248	272	273	294
2721	-1	90	104	115	117	118	119	144	149	205	217	248	272	273	281
2722	-1	90	104	107	115	117	149	205	217	248	250	272
2723	-1	90	104	106	115	117	149	171	205	217	248	272
2724	-1	90	101
2725	-1	90	101	104	109	118	146	223	244	294
2726	-1	90	99	115	117	161	217	218	226	227	275
2727	-1	90	99	115	117	161	217	218	226	227	274
2728	-1	90	99	115	117	161	217	218	226	227	274	275
2729	-1	90	99	115	117	161	217	218	226	227	260
2730	-1	90	99	115	117	161	207	217	218	226	227
2731	-1	90	99	115	117	161	206	217	218	226	227
2732	-1	90	91	146	154
2733	-1	89
2734	-1	89	252
2735	-1	89	223
2736	-1	89	222	248
2737	-1	89	222	248	294
2738	-1	89	217
2739	-1	89	213	214	242
2740	-1	89	206	216	223
2741	-1	89	206	207	225	241
2742	-1	89	206	207	225	241	248
2743	-1	89	149
2744	-1	89	147	168	222
2745	-1	89	118	168	218	299
2746	-1	89	118	119	205	221	222	272	294
2747	-1	89	117	227
2748	-1	89	117	227	250
2749	-1	89	117	217	223	231	236	272
2750	-1	89	117	206	207	217	231	236	272	294
2751	-1	89	117	154	241
2752	-1	89	115	117	168	226	281
2753	-1	89	109	154	207	226	269	281	299
2754	-1	89	109	118	205	221	222	272
2755	-1	89	107	154	158	208	236	248	252
2756	-1	89	106	117	205
2757	-1	89	106	117	118	146	249	281
2758	-1	89	106	111	115	146	168	183	205	207	280
2759	-1	89	106	109	117	217	222	231	236	272
2760	-1	89	106	107	114	117	170	205	206	207	227	241	247	248	250	281	299
2761	-1	89	104	206	207	225	241	250
2762	-1	89	104	158	171	224
2763	-1	89	104	117	229
2764	-1	89	104	117	155	170	232	248	249	272	281
2765	-1	89	104	114	118	169	207	223	230	263	269	277	278	281	294	298
2766	-1	89	104	106	155	242	272
2767	-1	89	102	117	157	171	207	218	223	283	299
2768	-1	89	102	107	109	117	157	217	222	223	236	248	272
2769	-1	89	101	104	114	115	117	149	205	217	223	250	277	294
2770	-1	89	98	105	117	206	207	247	282	299
2771	-1	89	97	118	205	221	222	232	249	272
2772	-1	89	97	104	107	161	217	222
2773	-1	89	91	169	207	229	263	270	273	299
2774	-1	89	90	104	117	216	218	229	295
2775	-1	88
2776	-1	88	240
2777	-1	88	217
2778	-1	88	217	227	240	242
2779	-1	88	208
2780	-1	88	207	226	261
2781	-1	88	206
2782	-1	88	171	194	207	222	226	282
2783	-1	88	170	295
2784	-1	88	169	216	232	270	282
2785	-1	88	168	249	282	295
2786	-1	88	164	207	248	249	281
2787	-1	88	154
2788	-1	88	149
2789	-1	88	149	231
2790	-1	88	149	225	231	240	248
2791	-1	88	149	168	170	171	196	208	230	232	249	250	270	281
2792	-1	88	147	240
2793	-1	88	147	168	242	281	295	299
2794	-1	88	147	168	242	261	281	299
2795	-1	88	147	149	206	207	235	242	280
2796	-1	88	146	155	168	280
2797	-1	88	144	230	242	260	299
2798	-1	88	144	208	218	258
2799	-1	88	117	217	240	248
2800	-1	88	117	169	228	238	281	299
2801	-1	88	117	168	222	242	281	295
2802	-1	88	117	168	217	281
2803	-1	88	117	149	206	217	218	248
2804	-1	88	117	149	206	207	217	229	248	249
2805	-1	88	117	149	205	255	260	261	269
2806	-1	88	117	149	171	207	217	226	263	281	299
2807	-1	88	117	147	157	161	164	165	171	207	235	269	281	283
2808	-1	88	117	118	119	144	149	207	217	232	241	248	249	281	295
2809	-1	88	115	194	281	295
2810	-1	88	115	117	157	161	217
2811	-1	88	115	117	148	241	272	295
2812	-1	88	114	232	249	270
2813	-1	88	114	149	232	248
2814	-1	88	114	149	229	231	239	240	242	248	249	260	299
2815	-1	88	114	149	161	205
2816	-1	88	114	144	149	229	232	242	249	260	283
2817	-1	88	114	117	217	225	233	281	295
2818	-1	88	109
2819	-1	88	109	144	183	207	230	235	238	261	281	298	299
2820	-1	88	108
2821	-1	88	108	158	216	227	232	244	270	282
2822	-1	88	108	149	248	270	281
2823	-1	88	108	146	242	280
2824	-1	88	108	145	164	172	207	240	282	298
2825	-1	88	107	149	168	194	195	216	217	228	229	248	249	250	281	299
2826	-1	88	107	117	169	171	206	255	281
2827	-1	88	107	108	117	149	168	207	217	229	281	298
2828	-1	88	106	212
2829	-1	88	106	109	114	115	117	144	147	149	164	171	206	207	227	232	248	252	253	261	283	299
2830	-1	88	106	108	117	149	168	170	208	217	240	248	281	295
2831	-1	88	104	117	168	169	217	228
2832	-1	88	104	115	149	171	232
2833	-1	88	104	114	144	149	172	217	248	272	295
2834	-1	88	103	161	170	221	248	261
2835	-1	88	103	149	208	231	232	249	260
2836	-1	88	103	108	146	149	169	170	172	240	248	249	260	270	299
2837	-1	88	103	108	114	149	196	240	244	248	249	270	280	295
2838	-1	88	103	107	149	154	169	207	208	248	282	299
2839	-1	88	102	115	117	155	207	208	216	221	235	242	248	260	261	272	281
2840	-1	88	102	108	171	206	207	222	226	231	260	261	273	281
2841	-1	88	102	106	109	165	265	270	282
2842	-1	88	101	109	164	165	171	193	194	206	207	221	226	229	231	269
2843	-1	88	97	106	117	148	158	207
2844	-1	88	90	217	295
2845	-1	88	90	117	165	248	282
2846	-1	87
2847	-1	87	295
2848	-1	87	230	250	294	295
2849	-1	87	212
2850	-1	87	212	298
2851	-1	87	212	217
2852	-1	87	207	217	229	265	270	295
2853	-1	87	207	212
2854	-1	87	205
2855	-1	87	205	206	207	217	226	298	299
2856	-1	87	171	206	223	282
2857	-1	87	170	217
2858	-1	87	168	194	294
2859	-1	87	165	223	260	280	281	297
2860	-1	87	161	205
2861	-1	87	158	194	205	217	252	299
2862	-1	87	158	161	207
2863	-1	87	154	161	206	216	217	280	295
2864	-1	87	149	295
2865	-1	87	149	171	218	227	282	295
2866	-1	87	148	295
2867	-1	87	146	244	272
2868	-1	87	146	149	155	157	168	183	208	223	244	249	280	282
2869	-1	87	145	157	158	231	232	244	248	261	271	272
2870	-1	87	144	206	207	239	281
2871	-1	87	144	169	170	171	207	217	231	240	270
2872	-1	87	144	158	217	265	281
2873	-1	87	117	217
2874	-1	87	117	217	232	281
2875	-1	87	117	217	228	250
2876	-1	87	117	208
2877	-1	87	117	207	217	281	282
2878	-1	87	117	195	217	252	281	282
2879	-1	87	117	195	206	217	247	281	282
2880	-1	87	117	154	169	206	217	252	281	282
2881	-1	87	117	154	169	206	207	217	247	252	269	281	282
2882	-1	87	117	154	169	195	206	217	247	252	281	282
2883	-1	87	117	147
2884	-1	87	117	146	168	252
2885	-1	87	117	144	154	206	207	208
2886	-1	87	117	144	154	171	206	207	217	226	245	247	250	281	282	298
2887	-1	87	115
2888	-1	87	115	157	194	207	261
2889	-1	87	115	154	205	207	217	223
2890	-1	87	115	144	217	263	277
2891	-1	87	115	119	146	149	168	195	217	272	281
2892	-1	87	115	117	148	149	168	216	217	250	277	278	295
2893	-1	87	114	209	240	248	249	297
2894	-1	87	109	206	207	212	218	223
2895	-1	87	109	169	206	250	298
2896	-1	87	109	117	168	229
2897	-1	87	109	114	117	155	195	242	295	299
2898	-1	87	108	117	154	169	195	206	207	217	247	252	281	282	283
2899	-1	87	108	115	149	168	207	218	230	249	281	295	297
2900	-1	87	106	161	217	252	260	281	295
2901	-1	87	106	149	169	207	218	223	283	299
2902	-1	87	106	116	117	216	217	228
2903	-1	87	106	115	149	193	207	217	221	223	231	281	295
2904	-1	87	106	109	117	207	236	295
2905	-1	87	106	108	148	161	168	195	281	295	299
2906	-1	87	105	115	117	157	207	223	240	250	298	299
2907	-1	87	104	206	248
2908	-1	87	104	117	147	171	217	232	248	249	269	299
2909	-1	87	102
2910	-1	87	102	117	155	164	195	217	281	282
2911	-1	87	102	109	171	196	206	299
2912	-1	87	102	107	117	149	161	217	229	244	281	294
2913	-1	87	101
2914	-1	87	97	109	114	117	154	156	157	158	171	207	226	235	298	299
2915	-1	87	97	106	216	281
2916	-1	87	97	106	146	160	261	294	298
2917	-1	87	97	104	106	207	216	232	281
2918	-1	87	97	102	164	195	208
2919	-1	87	93	94	206	216
2920	-1	87	89	231	248
2921	-1	87	89	117
2922	-1	87	89	115	117	154	171	194	205	217	226	252	260	283	298	299
2923	-1	87	89	107	118	147	154	183	207	232	248	277
2924	-1	87	89	107	117	161	171	222	269
2925	-1	87	89	102	104	109	114	117	169	207	248	249	252	272	273	283	299
2926	-1	87	88
2927	-1	87	88	240	269	270
2928	-1	87	88	207
2929	-1	87	88	205	228	295
2930	-1	87	88	149	228	231
2931	-1	87	88	117
2932	-1	87	88	117	229	238	281	299
2933	-1	87	88	117	225
2934	-1	87	88	117	217	260
2935	-1	87	88	117	161	217	260	280
2936	-1	87	88	107	117	149	238
2937	-1	86	206
2938	-1	85	171	207	216	217	231	260	282
2939	-1	85	168	244	281
2940	-1	85	168	205	235	281
2941	-1	85	149	265	272
2942	-1	85	149	205	229	235	249	281
2943	-1	85	146	156	157	171	206	207	221	227	231	235	239	252	260
2944	-1	85	117	228
2945	-1	85	117	171	207	216	217	231	260	282
2946	-1	85	117	154	161	217	281
2947	-1	85	117	149	168	171	207	217	260	281	295
2948	-1	85	115	117	148	154	265
2949	-1	85	109	118	144	145	148	157	164	207	223	265	272
2950	-1	85	108	149	155	281
2951	-1	85	108	117
2952	-1	85	108	117	119	149	232	263	295
2953	-1	85	107	117	161	168	206	217	248	249	281
2954	-1	85	107	117	149	249	295
2955	-1	85	106	168	229	249	273	281
2956	-1	85	106	107	115	117	148	168	217	229	241	248	270	272	295
2957	-1	85	104	109	117	157	171	206	207	216	217	252	283
2958	-1	85	103	109	149	164	194	229	231	232	249	260
2959	-1	85	97	102	281	295
2960	-1	85	90	117	149	168	196	218	277	281
2961	-1	85	90	106	146	149	229	248	281
2962	-1	85	87	106	107	117	119	144	149	158	168	171	194	206	208	217	218	221	231	236	248	249	269	272	281	295
2963	-1	84	248
2964	-1	84	248	295
2965	-1	84	241	272	295
2966	-1	84	216	248
2967	-1	84	216	248	295
2968	-1	84	194	248	295	297
2969	-1	84	170	242	248
2970	-1	84	168	248
2971	-1	84	168	248	281	297
2972	-1	84	168	227	248	281
2973	-1	84	168	223	249	281	295	299
2974	-1	84	149	248
2975	-1	84	149	208	261	281
2976	-1	84	149	205	229	235	248	249	281	298
2977	-1	84	149	205	212	248
2978	-1	84	149	194	206	240	248	260
2979	-1	84	149	171	206	207	241	249	272	295
2980	-1	84	149	168	171	248	255	295
2981	-1	84	147	231	248	299
2982	-1	84	146	216	248
2983	-1	84	117	248
2984	-1	84	117	229	248
2985	-1	84	117	218	248	295	299
2986	-1	84	117	148	149	217	260	281
2987	-1	84	116	248	281	295
2988	-1	84	115	206	216	217	218	223	228	248	260
2989	-1	84	115	171	227	229	248	260
2990	-1	84	115	117	148	156	171	208	217	241	248	272	295
2991	-1	84	114	193	206	227	244
2992	-1	84	108	115	149	168	208	216	228	248	260	281
2993	-1	84	104	115	117	148	168	194	205	209	216	242	248	249
2994	-1	84	103	144	149	205	217	229	249	261	281	282	289
2995	-1	84	97	107	115	146	171	205	208	216	217	221	222	223	236	245	247	248	265	281	282	295
2996	-1	84	91	117	146	248	249
2997	-1	84	90	97	106	149	161	207	216	221	228	229	232	248	249	281
2998	-1	84	88	108	149	169	170	221	232	240	248	270	281	295
2999	-1	84	88	103	108	149	225	228	229	249	271
3000	-1	84	88	103	108	109	149	170	248	249
3001	-1	84	87	228
3002	-1	84	87	88	147	154	168	218	230	242	261	281	295
3003	-1	84	87	88	117	205	223	248	282	298
3004	-1	84	85	115	146	216	222	236
3005	-1	84	85	115	146	205	216	222	236	282
3006	-1	84	85	115	146	205	216	222	236	249	282	295
3007	-1	84	85	109	115	146	205	216	222	236
3008	-1	84	85	109	115	146	205	207	216	222	236
3009	-1	84	85	109	115	146	164	165	205	216	222	236	282	289
3010	-1	84	85	103	109	114	115	149	155	161	168	171	172	194	207	216	217	218	226	229	245	249	280	295	298
3011	-1	83
3012	-1	83	223
3013	-1	83	206	272	294
3014	-1	83	168	207	208	222	248
3015	-1	83	158	168	281
3016	-1	83	156	168
3017	-1	83	149	171	207	208	221	236	272
3018	-1	83	117	149	171	207	208	217	221	236	272
3019	-1	83	116	231	248	253	280	281
3020	-1	83	115	117	207	244	249	281
3021	-1	83	108	117	205	207	217	272	282	283	295
3022	-1	83	107	247	252
3023	-1	83	107	171	206	207	241	272	282
3024	-1	83	107	117	149	168	171	207	208	223	227	231	248	282	299
3025	-1	83	107	108	114	117	149	161	168	207	295	299
3026	-1	83	106
3027	-1	83	103	207	229	250	281
3028	-1	83	103	146	229	249	272	273
3029	-1	83	103	117	248	249
3030	-1	83	102	109	144	149	212	292
3031	-1	83	98	105	171	207	222	240	299
3032	-1	83	91	171	252
3033	-1	83	89	117	217	221	222
3034	-1	83	88	106	107	115	118	144	149	206	207	217	244	252	260	280	281	295	299
3035	-1	83	87	88	103	117	149	157	170	171	236	239	282
3036	-1	83	85	103	117	147	149	161	194	229	231	249	295
3037	-1	83	85	89	97	106	117	156	195	208	217	272	281
3038	-1	83	85	87	103	149	168	248	249	260	261	295
3039	-1	83	84	108	149	265	272	281	295
3040	-1	81
3041	-1	81	296
3042	-1	81	295
3043	-1	81	294
3044	-1	81	281
3045	-1	81	248
3046	-1	81	217	224	235	248	265	295
3047	-1	81	217	218	280
3048	-1	81	217	218	223	231	240	242	263	295
3049	-1	81	216
3050	-1	81	208	281
3051	-1	81	208	248
3052	-1	81	208	248	293
3053	-1	81	208	248	282
3054	-1	81	208	248	281
3055	-1	81	208	248	281	282
3056	-1	81	208	248	270	282
3057	-1	81	208	248	250	282
3058	-1	81	208	226	248	281
3059	-1	81	207
3060	-1	81	207	208	248	252	269	282
3061	-1	81	207	208	223	240	248
3062	-1	81	206	208	248	269	298
3063	-1	81	205	295
3064	-1	81	205	242	248	249
3065	-1	81	205	221	222	272
3066	-1	81	205	221	222	232	272
3067	-1	81	195
3068	-1	81	194	207	217	280	295
3069	-1	81	171	281	295
3070	-1	81	171	205
3071	-1	81	171	205	221	222	272
3072	-1	81	169
3073	-1	81	168
3074	-1	81	168	190	247	263
3075	-1	81	164	169	171	281
3076	-1	81	158	169	208	248	260
3077	-1	81	158	168
3078	-1	81	157	208	248
3079	-1	81	155	208	248
3080	-1	81	155	208	248	282
3081	-1	81	154	208	248
3082	-1	81	154	194	208	248	252	271	282
3083	-1	81	154	171	231	248
3084	-1	81	154	164	225	232	281
3085	-1	81	154	164	193	208	248	282
3086	-1	81	149	249
3087	-1	81	149	249	281
3088	-1	81	149	221	222	260	295
3089	-1	81	149	221	222	260	281	295
3090	-1	81	149	208	240	248	281
3091	-1	81	149	171	207	231	272	273	281
3092	-1	81	149	171	172	206	217	249	281	295
3093	-1	81	149	168	281
3094	-1	81	149	168	208	217
3095	-1	81	149	168	207	217	260	281
3096	-1	81	149	158	194	206	217	248	281	283
3097	-1	81	149	157	217	231	252	280
3098	-1	81	148	171	206	272	283
3099	-1	81	148	171	205	207	217	281	298
3100	-1	81	147
3101	-1	81	147	168	207	218	223
3102	-1	81	147	154	168	207	218
3103	-1	81	146	295
3104	-1	81	144	208	248
3105	-1	81	144	169	208	248
3106	-1	81	144	158	208	221	248
3107	-1	81	144	155	207	208	248
3108	-1	81	119	164	207	241	272	281
3109	-1	81	118	168	217	218
3110	-1	81	118	149	161	205	221	222	272
3111	-1	81	117
3112	-1	81	117	281
3113	-1	81	117	281	282
3114	-1	81	117	270
3115	-1	81	117	217	281
3116	-1	81	117	217	223	261
3117	-1	81	117	207	260	282	298
3118	-1	81	117	206
3119	-1	81	117	205	242	248	249
3120	-1	81	117	195	239	242	295
3121	-1	81	117	171	207	252
3122	-1	81	117	168	217	281
3123	-1	81	117	168	217	263	272	277	281
3124	-1	81	117	168	206	217	218	236	281
3125	-1	81	117	168	169	194	217	281	282
3126	-1	81	117	161
3127	-1	81	117	161	217
3128	-1	81	117	161	171	207	217
3129	-1	81	117	156	164	206	207	208	216	269	281	282	283	299
3130	-1	81	117	155	235	236	260	281
3131	-1	81	117	149	261
3132	-1	81	117	149	217	241
3133	-1	81	117	149	217	222	281
3134	-1	81	117	149	217	218	226	252
3135	-1	81	117	149	168	207	217	295
3136	-1	81	117	149	168	206	217
3137	-1	81	117	149	168	195	217
3138	-1	81	117	149	161	217
3139	-1	81	117	148	168	218
3140	-1	81	117	148	168	217	250
3141	-1	81	117	148	149	171	206	207	217	231	281
3142	-1	81	117	145	149	158	217	248	281
3143	-1	81	115	171	205	232
3144	-1	81	115	168	208	226	231	249	261	281
3145	-1	81	115	149	208	249	281
3146	-1	81	115	149	168	272
3147	-1	81	115	144	149	168	207	216	226	249	281
3148	-1	81	115	117
3149	-1	81	115	117	161	217	250	281
3150	-1	81	114	223	272
3151	-1	81	114	147	149	171	207	221	226	248	258	269	272
3152	-1	81	114	144	147	156	157	171	194	195	206	207	239
3153	-1	81	114	115	117	144	149	155	172	217	222	230	240	247	258	263	272	292
3154	-1	81	111	149	230	245
3155	-1	81	109	206	298
3156	-1	81	109	206	208	217	281
3157	-1	81	109	171	252	263	272	281	292
3158	-1	81	109	171	206	208	248	252	270
3159	-1	81	109	168	171	206	250	252	281	298
3160	-1	81	109	157	206	207
3161	-1	81	109	115	156	171	206	207	247	248	261
3162	-1	81	108	208	248
3163	-1	81	108	208	248	281
3164	-1	81	108	208	248	260	281	282	298
3165	-1	81	108	208	248	252	281
3166	-1	81	108	190	191	197	247	252	263	270	292	299
3167	-1	81	108	154	208	244	248
3168	-1	81	108	144	154	208	248	281	282
3169	-1	81	108	144	154	155	208	248	281	298
3170	-1	81	108	114	117	149	161	212	244	248	249	272	281	295
3171	-1	81	108	109	207	208	248	281
3172	-1	81	108	109	115	144	281
3173	-1	81	107	207	208	216	248	281
3174	-1	81	107	170
3175	-1	81	107	144	223
3176	-1	81	107	119	145	148	149	156	157	168	236	272	281
3177	-1	81	107	117	168	171	207	217	229	281
3178	-1	81	107	114	158	207	232	270	277	298
3179	-1	81	107	109	117	217	236	248	272
3180	-1	81	107	109	117	118	168	205	207	221	223	252	272	281	294
3181	-1	81	107	109	115	171	194	206	207	252
3182	-1	81	107	108	109	206	281	298	299
3183	-1	81	106
3184	-1	81	106	157
3185	-1	81	106	157	206	207	281
3186	-1	81	106	147	216	272	277	278
3187	-1	81	106	117	217	281
3188	-1	81	106	117	157	207	223	238	248	276
3189	-1	81	106	117	149	217	236	272	298
3190	-1	81	106	117	149	205	242
3191	-1	81	106	115
3192	-1	81	106	107	156	205	206	221	222	272	295
3193	-1	81	105
3194	-1	81	105	109	194	217	280
3195	-1	81	104	108	117	149	217	272
3196	-1	81	104	106	206	207	222	281	283
3197	-1	81	103	281	295	299
3198	-1	81	103	106	146	149	165	168	171	207	216	236	248	261	280	295	298
3199	-1	81	102	217	280	281	295	297
3200	-1	81	102	208	248
3201	-1	81	102	208	240	248	281
3202	-1	81	102	118	205	221	222	272
3203	-1	81	102	108	109	194	207	208	248	270	281
3204	-1	81	102	107	208	248	261	281
3205	-1	81	102	107	108	115	260	281
3206	-1	81	100	117	265
3207	-1	81	98	223	227	247	250	260	263	277
3208	-1	81	98	117	207	281
3209	-1	81	98	105	149	207
3210	-1	81	97	208	248	270
3211	-1	81	97	115	194	207
3212	-1	81	97	109	208	248	270	282
3213	-1	81	97	109	117	194	205	206	207	228	294
3214	-1	81	97	109	114	117	172	205	281
3215	-1	81	97	106	109	117	205
3216	-1	81	97	102	154	164	208	248	252
3217	-1	81	97	102	144	248
3218	-1	81	97	101	109	149	161	164	168	171	195	206	207	216	223	281	283	294	295
3219	-1	81	96	115	156	167	171	206	212	223	225	233	250	257	275	277	281	282	298
3220	-1	81	91	115	145	161	168	170	171	197	207	239	248	250	260	261	271	281	282	293	294
3221	-1	81	91	98	105	117	169	171	207	223	227	250	276
3222	-1	81	90
3223	-1	81	90	149	282
3224	-1	81	90	149	277
3225	-1	81	90	117	217
3226	-1	81	90	117	217	232	242	248	250	280	295
3227	-1	81	90	107
3228	-1	81	90	104	115	117	149	205	217	248	272	281
3229	-1	81	90	104	115	117	149	161	205	217	248	272	281
3230	-1	81	90	102	104	115	117	149	171	205	217	248	272	281
3231	-1	81	89	117	216	217
3232	-1	81	89	111	206	216
3233	-1	81	89	107	117	217	232	236	252	272
3234	-1	81	89	107	109	117	149	154	171	217	223	236	272
3235	-1	81	89	90
3236	-1	81	89	90	107	149	277
3237	-1	81	88	235
3238	-1	81	88	217
3239	-1	81	88	208	240	248
3240	-1	81	88	194	207	260	270
3241	-1	81	88	169	280
3242	-1	81	88	155	217
3243	-1	81	88	149	231	240	281
3244	-1	81	88	149	217	231	242	261	263	265	295
3245	-1	81	88	145	155	217
3246	-1	81	88	144	217
3247	-1	81	88	144	217	229
3248	-1	81	88	117	217	221	242
3249	-1	81	88	117	164	217
3250	-1	81	88	117	154	169	217
3251	-1	81	88	117	149	154	172	194	228	229	232	248	249	260	272	281
3252	-1	81	88	115	206	207
3253	-1	81	88	115	116	117	149	164	208	217	231	299
3254	-1	81	88	108	208	227	248	261	269	281
3255	-1	81	88	106	109	149	272
3256	-1	81	88	104	155	207	217
3257	-1	81	88	90	108	149	195	196	236	240	242	247	248	270	298
3258	-1	81	87	208	248	282
3259	-1	81	87	208	228	248
3260	-1	81	87	158	208	248	281	282
3261	-1	81	87	158	208	248	260
3262	-1	81	87	158	208	223	240	248	281	299
3263	-1	81	87	148	149	206	265	294
3264	-1	81	87	144	206	208	248	261
3265	-1	81	87	117	281
3266	-1	81	87	109	207	208	248
3267	-1	81	87	106	107	108	109	154	171	207	231	239	244	260	261	281	298
3268	-1	81	87	103	114	149	157	206	218	223	280
3269	-1	81	87	88	118	247	272
3270	-1	81	87	88	106	158	207	247
3271	-1	81	85	117	161	168	194	217	281
3272	-1	81	85	109	119	148	206	221	222	236	248	252	265	272	283	298
3273	-1	81	85	109	117	119	206	221	222	236	248	252	265	272	283	298
3274	-1	81	84	104	117	194	222	232	248	281
3275	-1	81	84	85	117	148	149	161	171	216	217	218	240
3276	-1	81	83	108	115	149	205	223	265
3277	-1	81	83	104	149	168	171	206	207	229	240	272	281	299
3278	-1	81	83	97	154	157	168	169	216	217	280	295	299
3279	-1	80
3280	-1	80	218	223	248	263
3281	-1	80	212	281
3282	-1	80	207
3283	-1	80	205
3284	-1	80	205	280
3285	-1	80	205	228
3286	-1	80	205	216	258
3287	-1	80	205	212
3288	-1	80	205	207	245
3289	-1	80	205	207	225	245	274	275
3290	-1	80	205	207	222	245
3291	-1	80	205	206	250
3292	-1	80	194	218	226	260	281
3293	-1	80	194	205
3294	-1	80	171	205	207	223
3295	-1	80	170	172	208	249
3296	-1	80	168	171	205	207	223
3297	-1	80	168	171	205	206	207	217	228	265	281
3298	-1	80	168	171	205	206	207	217	223	277
3299	-1	80	168	171	197	205	206	207	217	223	298
3300	-1	80	168	171	190	205	206	207	217	223	250	277
3301	-1	80	168	169	242	250	272
3302	-1	80	161	171	205	207	223
3303	-1	80	157	171	205	207	217	223
3304	-1	80	151	205	207	245
3305	-1	80	151	205	207	222	245
3306	-1	80	149
3307	-1	80	149	168	171	173	205	207	219	223	247	281	299
3308	-1	80	149	161	242
3309	-1	80	148	205	212
3310	-1	80	148	168	171	205	207	223	252	263
3311	-1	80	147	149	232	242	295
3312	-1	80	146	207
3313	-1	80	146	161	207	223
3314	-1	80	144	194	205	216	298
3315	-1	80	119
3316	-1	80	117
3317	-1	80	117	208	217
3318	-1	80	117	207
3319	-1	80	117	205	299
3320	-1	80	117	171	217	221	281
3321	-1	80	117	168	249	281	295
3322	-1	80	117	168	217	281
3323	-1	80	117	168	207	281	295
3324	-1	80	117	148	168	171	205	207	217	223	237	252
3325	-1	80	117	147	149	172	194	206	207	217	231
3326	-1	80	117	144	165	171	205	207	217	223	248
3327	-1	80	115	161	206	207	217	238	240	242
3328	-1	80	115	146	161	217	238	242
3329	-1	80	115	117	157	164	168	170	171	205	207	217	223
3330	-1	80	115	117	149	206	207	250	281
3331	-1	80	114	115	117	281
3332	-1	80	114	115	117	255	281
3333	-1	80	114	115	117	242
3334	-1	80	114	115	117	212	255	295
3335	-1	80	114	115	117	168	212	265	281
3336	-1	80	109	171	205	207	223	224	250
3337	-1	80	109	149	171	205	206	207	217	223	252
3338	-1	80	109	146	161	206	217	218	295	298
3339	-1	80	109	115	193	205	206	231	281
3340	-1	80	109	115	148	157	161	168	171	205	207	208	218	223	250
3341	-1	80	109	114	115	117	147	149	207	223	295
3342	-1	80	108	207
3343	-1	80	108	207	227	280
3344	-1	80	108	185	207	227
3345	-1	80	108	149	169	207	227	232	258	280	281
3346	-1	80	108	148	277	294
3347	-1	80	108	117	147	149	168	171	172	206	207	217	282	292	298
3348	-1	80	107	205	272
3349	-1	80	107	114	115	117	212	216	249
3350	-1	80	107	109	168	171	205	207	217	223
3351	-1	80	107	108	115	171	206	207	216	226	244	248	271	298	299
3352	-1	80	106	149	207	231	248	298
3353	-1	80	106	117	232
3354	-1	80	104	115	154	157	171	194	207	208	229	247	250	252	261	282	294
3355	-1	80	104	108	206	207	227
3356	-1	80	103	149	168	205	229	249
3357	-1	80	103	115	144	145	171	207	223	248	249	258	260	261	271	281	298
3358	-1	80	103	107	149	168	169	207	232	240	248	260	261	281
3359	-1	80	102	169	171	207	249	271	272	281	298	299
3360	-1	80	102	109	168	171	205	207	217	223	299
3361	-1	80	102	107	109	161	168	171	205	207	217	223
3362	-1	80	102	106	161	164	228	295
3363	-1	80	101	149	168	171	205	207	223	232
3364	-1	80	101	114	115	117	206	217	226	282	295
3365	-1	80	99	207	225	245	274	277
3366	-1	80	99	207	225	245	266	274	277
3367	-1	80	99	207	225	245	266	267	274	277
3368	-1	80	99	190	191	207	225	245	277
3369	-1	80	99	117	205	207	245	275	277
3370	-1	80	99	117	205	207	245	274	275	277
3371	-1	80	99	117	205	206	207	245	275	277
3372	-1	80	99	117	151	205	207	245	277
3373	-1	80	99	117	151	205	207	245	275	277
3374	-1	80	99	117	151	205	207	245	274	275	277
3375	-1	80	99	117	151	205	206	207	245	275	277
3376	-1	80	99	102	114	115	117	171	217	225	281
3377	-1	80	98	171	205	207	217	218	223	281	295
3378	-1	80	97	149	205	236	241	249	261	281	295
3379	-1	80	97	149	157	168	171	205	207	217	223	299
3380	-1	80	97	145	265	299
3381	-1	80	97	115	157	168	171	194	205	207	217	223	250
3382	-1	80	97	114	115	117	217	265
3383	-1	80	97	109	168	171	205	206	207	223	224	235	237	252	281	299
3384	-1	80	97	107	208	226	228	230	232	281	295
3385	-1	80	97	106	151	205	207
3386	-1	80	97	106	115	117	205	229	281
3387	-1	80	97	101	114	115	117	154	157	164	221	269	298
3388	-1	80	97	99	109	146	148	161	169	206	217	218	298
3389	-1	80	90	119	217	241
3390	-1	80	90	118	119	148	171	205	207	236	241	272	298
3391	-1	80	90	117	207	217	261
3392	-1	80	90	103	117	144	149	171	205	217	221	229	249	261	269	281
3393	-1	80	88	195	295
3394	-1	80	88	117	161	170	172	217	248	249
3395	-1	80	88	117	118	149	163	195	206	217	218	271	272	273	295
3396	-1	80	87	117	148	168	247
3397	-1	80	87	89	117	223	252	269
3398	-1	80	85	169	205	258	263	269	277	278	281	292
3399	-1	80	85	103	106	107	149	168	169	205	232	240	249	260	265	281
3400	-1	80	85	88	115	117	145	149	155	164	171	206	207	225	232	241	248	261	272	281	294	295
3401	-1	80	84	103	149	205	217	248
3402	-1	80	84	97	161	171	205	217	218	248	261	295
3403	-1	80	84	85	105	108	115	144	155	171	205	229	232	250	258	260	263	281
3404	-1	80	83	103	217	280
3405	-1	80	81	223
3406	-1	80	81	205
3407	-1	80	81	171	205	250
3408	-1	80	81	168	205	207	217	223
3409	-1	80	81	154	193	208	248	282
3410	-1	80	81	117	247
3411	-1	80	81	115	157	168	171	205	207	223	237	263
3412	-1	80	81	115	117	149	168	282	299
3413	-1	80	81	109	155	156	205	208	212	221	281
3414	-1	80	81	109	145	194	208	248	281
3415	-1	80	81	102	109	207	208	248	282
3416	-1	80	81	97	104	117	149	168	207
3417	-1	80	81	89	117	171
3418	-1	80	81	89	117	147	149	171	216	250
3419	-1	80	81	87	115	117	149	168
3420	-1	80	81	87	89	117	144	252	273	280
3421	-1	80	81	85	157	169	206	207	226	244	248	249	261	272	295	298
3422	-1	79
3423	-1	79	295
3424	-1	79	265
3425	-1	79	265	298	299
3426	-1	79	255	281
3427	-1	79	248
3428	-1	79	242	280	281
3429	-1	79	238
3430	-1	79	235
3431	-1	79	217	299
3432	-1	79	217	244	272
3433	-1	79	216	223
3434	-1	79	216	223	272
3435	-1	79	216	223	260	261	294
3436	-1	79	216	223	232	269
3437	-1	79	216	223	232	260
3438	-1	79	216	223	228	232	260	261
3439	-1	79	209
3440	-1	79	207	227	276	297
3441	-1	79	207	216	223
3442	-1	79	206	281
3443	-1	79	206	217	282
3444	-1	79	206	217	281
3445	-1	79	206	207	265
3446	-1	79	205
3447	-1	79	205	240
3448	-1	79	205	217	240
3449	-1	79	171	217
3450	-1	79	168	227
3451	-1	79	168	194	216	217	223	281
3452	-1	79	168	171	206	212	295	298
3453	-1	79	161
3454	-1	79	161	244	248	261	271	280	281
3455	-1	79	156	247	294
3456	-1	79	151	217	244	248	295
3457	-1	79	149	281
3458	-1	79	149	247	295
3459	-1	79	149	217	223	295	298
3460	-1	79	149	205	240
3461	-1	79	149	171	231	280	295
3462	-1	79	149	168	216	221	223	236	281	283
3463	-1	79	149	164	171	172	207	226	228	244
3464	-1	79	149	161	299
3465	-1	79	148	206
3466	-1	79	146
3467	-1	79	146	295
3468	-1	79	146	154	156	168	171	205	206	207	221	252	281	298
3469	-1	79	146	149	168	281	299
3470	-1	79	144	216	223
3471	-1	79	117	250	277
3472	-1	79	117	217	218	280	297
3473	-1	79	117	216	223
3474	-1	79	117	212	217	244	252
3475	-1	79	117	205
3476	-1	79	117	205	217
3477	-1	79	117	168	217	248
