300
4
1.0 -3.617179492148034 1.0E-10 0.0017153746364120558
2.0 -3.625142715537372 1.0E-10 0.0017794485315863811
3.0 -3.6048337925162173 1.0E-10 0.0016205692165663292
4.0 -3.6252405001898307 1.0E-10 0.001780250024340195
5.0 -3.609757863158573 1.0E-10 0.0016577373643938199
6.0 -3.615945229090806 1.0E-10 0.0017056521192029303
7.0 -3.6027654721493705 1.0E-10 0.0016052066280139372
8.0 -3.617826451334187 1.0E-10 0.0017204929709969034
9.0 -3.6223650539814236 1.0E-10 0.0017568314928002903
10.0 -3.5964052427882813 1.0E-10 0.0015588721045525693
11.0 -3.609621370711402 1.0E-10 0.001656695686265212
12.0 -3.6075444853388263 1.0E-10 0.0016409259030429832
13.0 -3.6127061034338808 1.0E-10 0.0016803981969309401
14.0 -3.615140611672725 1.0E-10 0.0016993436904376522
15.0 -3.6121353653674633 1.0E-10 0.0016759873283569936
16.0 -3.5916070823417416 1.0E-10 0.0015248044989408448
17.0 -2.2240571463474303 1.0E-10 2.8061720373076174E-6
18.0 -3.6100053400179735 1.0E-10 0.001659627719988736
19.0 -3.595252685857571 1.0E-10 0.0015506199660322653
20.0 -3.592925104942893 1.0E-10 0.0015340877777884406
21.0 -3.6061175822877796 1.0E-10 0.001630178513262138
22.0 -3.6185858583061936 1.0E-10 0.0017265204096012675
23.0 -3.604411727862141 1.0E-10 0.0016174224084860422
24.0 -3.6130000117461747 1.0E-10 0.0016826741520915816
25.0 -3.6093089450010805 1.0E-10 0.0016543137902194874
26.0 -3.6048577189766275 1.0E-10 0.0016207477895074478
27.0 -3.610976683849849 1.0E-10 0.0016670682017599645
28.0 -3.604889551205251 1.0E-10 0.001620985396928313
29.0 -3.6176566260557346 1.0E-10 0.001719147943669419
30.0 -3.619570769980032 1.0E-10 0.0017343691500931056
31.0 -3.606026964684308 1.0E-10 0.0016294983662307264
32.0 -3.5999704384097564 1.0E-10 0.001584677445883114
33.0 -3.6142503200864846 1.0E-10 0.00169239073910778
34.0 -3.6097241436549856 1.0E-10 0.0016574799642033072
35.0 0.36062951954077016 159.93805208130257 30.38734546634081
36.0 0.7390260536991764 34.998733076506525 1.1641266088178939
37.0 0.28066508001445234 18.11719185512959 4.974629298609349
38.0 0.3959564295546427 62.30555479643187 10.060368955990924
39.0 1.665262362326892 30.159575591689013 0.014089659609195228
40.0 5.143076004200746 1.9326446480062394 1.0E-10
41.0 0.5854306808949135 43.745848851542334 2.9517222314939233
42.0 3.9444411130498027 0.0077425180429811615 1.0E-10
43.0 3.9444411130498027 0.0077425180429811615 1.0E-10
44.0 0.29512407560149323 20.15010478614337 5.176415842869475
45.0 0.47928947041756387 19.145122862359756 2.106101109457924
46.0 2.27010553364154 18.99999127305159 5.476994870546831E-4
47.0 0.4449252052203485 34.336643405679595 4.424940423321831
48.0 1.2096027707171848 26.539619315753985 0.10108556611088546
49.0 1.4730125539035996 1.4678223688346832 0.0016620664920343378
50.0 0.4793251248595266 16.947399314632577 1.8640296352779815
51.0 0.30555444958374617 7.131670994431479 1.7461534263669578
52.0 2.9764728932778164 17.91747440649888 1.9967836237700495E-5
53.0 0.6040999435974354 61.5810390737021 3.812827219438697
54.0 0.48684717606836025 73.5595411289899 7.815282106507142
55.0 0.39504569188171024 169.99256876911625 27.56376590325854
56.0 0.9328340874938936 39.305505763942485 0.5355317377396275
57.0 0.4322525246511153 96.52768123079497 13.187024846657105
58.0 0.9588515592882151 20.24888403269508 0.24473606591927222
59.0 0.49288348947512695 43.69364044441548 4.514932393609771
60.0 0.6505681295143874 35.32931058508192 1.7660333625651983
61.0 3.22887663082203 21.789841694114067 7.5945284508175235E-6
62.0 0.3768951718767601 35.102731362657046 6.188003728664983
63.0 1.0848896094105858 26.921461821973573 0.18210397231001152
64.0 1.9118118400273432 15.09720387858786 0.0022660674882271246
65.0 1.0664148373288596 77.61294459055328 0.5716161440272642
66.0 1.352907218019165 19.793446748399617 0.03896789900528315
67.0 1.4080615035826827 38.54328062669607 0.058860733508924505
68.0 0.46392452970767367 52.38139389191557 6.184833200656621
69.0 0.5235374982843696 71.70343220763293 6.433761356439197
70.0 0.29176595573268765 14.723484654597282 3.8413041598874513
71.0 0.21591752370462344 6.492109330171906 2.4018770779354717
72.0 0.5007770180355956 26.439998321579456 2.634555713810583
73.0 0.66660458867843 83.46252449861177 3.875094870005014
74.0 0.9193985414822724 30.544848688142398 0.44273198150329957
75.0 0.44554320943929865 85.9353462725285 11.042957796456884
76.0 0.707835676246779 158.4137837757038 6.083053203437006
77.0 0.7786928804914349 67.80121993859944 1.8786753937144807
78.0 0.3310559011254427 19.346737085666536 4.2120733701537185
79.0 0.23397493295022623 13.044887678799327 4.441099241751897
80.0 0.3206543035629405 15.998162683415416 3.6539407568148476
81.0 0.39834477763154047 50.81218391270701 8.11480907227588
82.0 2.2194717071354093 15.272732586097728 5.558701246048587E-4
83.0 0.5077389369578063 12.847287053599091 1.239748392897439
84.0 0.5455820286454843 8.951709184374533 0.7256745753603864
85.0 0.4698192047107518 1.9999989479663145 0.2298218719735751
86.0 0.7976766690720056 15.442842892678465 0.3920793008174165
87.0 0.2942079507038175 14.950577687779857 3.856932804414393
88.0 0.45558720810748493 23.589549873730483 2.8943112835197558
89.0 -4.0232849606350465 1.0E-10 0.011131916018603269
90.0 0.07766045697636181 5.986824647960559 4.186736455823341
91.0 0.8209642350070778 87.62404447424802 1.998457077862637
92.0 1.4446370359175684 74.77085021369572 0.09648465475345978
93.0 0.6428231547483422 55.13407079082493 2.856102241307678
94.0 0.5953287565969599 27.38146602252156 1.7652213993429382
95.0 0.877707086359235 45.10927079090313 0.7922306379927344
96.0 1.0276588863178788 24.8503609295608 0.21878368262767373
97.0 0.4412448165465693 25.78587397522032 3.3798095027085417
98.0 0.6785067109143305 90.25068189945442 3.9667704570961706
99.0 0.6655473423679862 85.58433406223449 3.9930025818320063
100.0 0.9499680478359891 17.08308102842593 0.21509489602717483
101.0 -0.033931060116070576 1.9924243061207956 2.3293993577841574
102.0 0.5116363730376973 49.75348831278997 4.715750172419842
103.0 0.3859915595946131 6.877422990962925 1.1626329229007233
104.0 0.27017796884005973 11.569886839750062 3.3340581765663364
105.0 0.6288805907511434 75.02812652777344 4.14441198203662
106.0 0.4147197542694778 75.94482840368816 11.247569790625295
107.0 0.4293899666491765 59.81547992923556 8.280063327157702
108.0 0.5193411416835305 50.890466820501686 4.655369439741829
109.0 0.455324953021657 87.5312056475182 10.752587971811696
110.0 2.977470631595107 17.999991961975446 1.9967838156810657E-5
111.0 0.701120593401462 16.626309512168305 0.6584983243654107
112.0 1.1903935823925114 29.489382905041598 0.12270959417536062
113.0 5.465182157724743 8.518523296460877 1.0E-10
114.0 0.3267055242170888 14.882569359416667 3.30572610059063
115.0 0.4388263707836837 97.61788944538122 12.938283771495307
116.0 0.4905466964465971 26.801636295742764 2.799419068595295
117.0 0.4328411667403808 286.76344900401676 39.06982461507353
118.0 0.31178359375097725 11.987111425416625 2.8519857734866494
119.0 -0.07072422418470051 0.9999983907550548 1.3849935455784552
120.0 2.9892111767499037 18.99999127305159 1.9967838156810657E-5
121.0 2.9892111767499037 18.99999127305159 1.9967838156810657E-5
122.0 2.9892111767499037 18.99999127305159 1.9967838156810657E-5
123.0 2.9892111767499037 18.99999127305159 1.9967838156810657E-5
124.0 2.9892111767499037 18.99999127305159 1.9967838156810657E-5
125.0 -2.115788400913133 1.0000110349787942E-10 1.704439515340417E-6
126.0 -2.115788400913133 1.0000110349787942E-10 1.704439515340417E-6
127.0 -2.115788400913133 1.0000110349787942E-10 1.704439515340417E-6
128.0 -2.115789859279001 1.0000043189042203E-10 1.704439515340417E-6
129.0 -2.115788400913133 1.0000110349787942E-10 1.704439515340417E-6
130.0 -2.115788400913133 1.0000110349787942E-10 1.704439515340417E-6
131.0 -2.115789859279001 1.0000043189042203E-10 1.704439515340417E-6
132.0 -2.115788400913133 1.0000110349787942E-10 1.704439515340417E-6
133.0 -2.115788400913133 1.0000110349787942E-10 1.704439515340417E-6
134.0 9.378361101525142E-7 1.0000043189042203E-10 1.0E-10
135.0 2.3962019780965865E-6 1.0000110349787942E-10 1.0E-10
136.0 2.3962019780965865E-6 1.0000110349787942E-10 1.0E-10
137.0 2.3962019780965865E-6 1.0000110349787942E-10 1.0E-10
138.0 2.3962019780965865E-6 1.0000110349787942E-10 1.0E-10
139.0 2.3962019780965865E-6 1.0000110349787942E-10 1.0E-10
140.0 2.3962019780965865E-6 1.0000110349787942E-10 1.0E-10
141.0 2.3962019780965865E-6 1.0000110349787942E-10 1.0E-10
142.0 2.3962019780965865E-6 1.0000110349787942E-10 1.0E-10
143.0 2.9892111767499037 18.99999127305159 1.9967838156810657E-5
144.0 0.5403445034886957 31.147053542551074 2.586592193155631
145.0 0.5443863100969357 5.999955604149083 0.4890749471840497
146.0 0.2752026362897317 36.384461085498124 10.244969601128462
147.0 0.4517073249894468 13.98105968589109 1.7463264815668034
148.0 0.3298613252943736 31.703331292333274 6.940363999867559
149.0 0.37672942923615604 128.54274151563328 22.677161849678285
150.0 5.735197631243692 29.53896420128852 1.0E-10
151.0 0.4914921718144171 14.184922239337919 1.4751718479141487
152.0 0.5635343739521119 16.272715134784136 1.214482535580551
153.0 0.6650252392897682 13.962848062745397 0.653015565929785
154.0 0.3045195582400894 18.919232271400087 4.654407380779085
155.0 0.43535404497268004 9.990810744190734 1.3455276980751318
156.0 0.49095892352306075 22.485862855798793 2.344184070643128
157.0 0.4586630893523673 22.044263934603094 2.6666709107237043
158.0 0.4813197449116315 15.853234308821367 1.727740002682589
159.0 0.6207727788437585 1.4678223689346832 0.0841643055145031
160.0 0.4463756239744306 3.5193073304690676 0.4505115670892717
161.0 0.4204565767805721 67.92656656792276 9.797753516171392
162.0 0.709654853322356 15.866163883474993 0.6041742744479671
163.0 0.0997063886099398 0.5740440030981977 0.36268734901368277
164.0 0.47638332046867715 20.93767449036744 2.334327588287474
165.0 0.45492345272608264 4.654554510600045 0.5728372027446982
166.0 0.6584511469893125 7.464470509785304 0.35982945630316304
167.0 1.0085042699974287 28.763008165950097 0.276583179353222
168.0 0.24151783159434018 69.61397571075022 22.890789632032522
169.0 0.564255397101427 32.43453048317673 2.412663873885286
170.0 0.4315787413629562 9.998049607874487 1.3701174719704934
171.0 0.48676002168723176 112.82971750819728 11.992326870973047
172.0 0.4985471120225415 19.874378187089874 2.000779945459598
173.0 0.6780078557130548 21.271981460057248 0.9371135863913731
174.0 0.5980146826222659 7.370513826284242 0.46931928458320765
175.0 2.9892111767499037 18.99999127305159 1.9967838156810657E-5
176.0 2.9892111767499037 18.99999127305159 1.9967838156810657E-5
177.0 2.9892111767499037 18.99999127305159 1.9967838156810657E-5
178.0 2.9892111767499037 18.99999127305159 1.9967838156810657E-5
179.0 2.9892111767499037 18.99999127305159 1.9967838156810657E-5
180.0 2.9892111767499037 18.99999127305159 1.9967838156810657E-5
181.0 2.9892111767499037 18.99999127305159 1.9967838156810657E-5
182.0 1.4199332899861548 3.6797563930646096 0.005320500502250756
183.0 0.8272930265993933 38.71814043078173 0.8576862297412855
184.0 1.7130909645497325 20.94105219731245 0.007849040503987208
185.0 1.025918579802914 80.62370023696766 0.7155262428175988
186.0 5.656651368200973 20.57324208258453 1.0E-10
187.0 2.977470631595107 17.999991961975446 1.9967838156810657E-5
188.0 0.965057344614917 17.266573584151338 0.2028109851175255
189.0 2.9233183423304423 15.272732585997726 2.174102738094297E-5
190.0 0.8330026466849593 54.395606713695386 1.1737038569894744
191.0 0.6795929051985816 23.70601507453786 1.036746900929425
192.0 4.14690512586916 10.343479823937447 5.258433909991856E-8
193.0 0.5029048491353836 12.758435234222457 1.2588898009784792
194.0 0.5271337387548378 15.035415095992818 1.3269297924278973
195.0 0.20364979330272093 14.19747407309684 5.557909843231518
196.0 0.837759979053582 105.66802361716665 2.2306099056697866
197.0 0.5115081933977408 25.359258431800505 2.405028143021569
198.0 0.7274619132147321 13.989638749599402 0.49077527326817716
199.0 0.5743534925343903 15.862601983518902 1.126334643416702
200.0 0.6642810550361536 13.989638749599402 0.6565146018842011
201.0 2.1603239459803953 11.839988791750457 5.658527088775395E-4
202.0 5.536675645630669 11.839988791650457 1.0E-10
203.0 0.34493187778100376 11.179516165078088 2.2832804213585267
204.0 0.4444007590121644 43.354316888386684 5.600551944687988
205.0 0.4760438332193701 161.32894955271425 18.014600671686505
206.0 0.48043581181791223 156.35282336958264 17.109373391603274
207.0 0.5047835971213832 238.95704708344363 23.375055385958312
208.0 0.4805598423150316 46.706194637717246 5.108046006859492
209.0 -0.019442182125054254 0.9964327280634131 1.0897637260468167
210.0 2.988722164807845 18.99999127305159 2.00128560639631E-5
211.0 1.1202693889344408 16.25070588447051 0.0933971130905914
212.0 0.6426231401980392 154.41247703359502 8.006378352423907
213.0 1.2245300543423068 26.863500043613676 0.09552179777501242
214.0 0.6266789112737681 26.863500043613676 1.4990108408227933
215.0 5.273228597051497 3.5193073303690676 1.0E-10
216.0 0.48145731931752933 68.31024040953967 7.4399698422879075
217.0 0.32386895997234233 139.314999932135 31.351618016956316
218.0 0.36473658328298997 31.58962286253531 5.889403016895109
219.0 0.9252243390611887 57.76416843032865 0.8150980375531651
220.0 2.309802053934293 39.158784123383114 9.402104863902277E-4
221.0 0.4495061704812398 13.984996102041046 1.7646151710475935
222.0 0.5359256224679942 30.03303182701852 2.54535247723326
223.0 0.4794980672747531 87.98947838276032 9.670181124468971
224.0 0.6002312710813426 29.465673253764788 1.8571792660647055
225.0 0.6894075285371261 125.0987159691379 5.229230613207161
226.0 0.6458119934482652 29.95867592767252 1.5307301212654165
227.0 0.45551582346608166 19.86172857115627 2.437728841511793
228.0 0.4249398763738517 15.227305749126966 2.1515097339522145
229.0 0.2837973258400418 15.133260387238062 4.095791619589049
230.0 1.0497603095386159 64.8867935001115 0.5159833575139823
231.0 0.7305208146328358 41.198483874540024 1.425081180294748
232.0 0.5920386450355022 23.94830032939983 1.5674633887786562
233.0 0.8480164158685054 60.68166313860623 1.2218689916593066
234.0 2.2772363745244375 2.471372067463623 6.893906433743891E-5
235.0 0.3904381856149499 5.934769368268504 0.9829410558532089
236.0 0.4154855496964315 4.999596821819005 0.7378428683072713
237.0 0.6636057573646431 45.36462515243963 2.135530664501208
238.0 0.5284510454965758 17.72391000466602 1.5547388295503064
239.0 -3.7782038940874787 1.0E-10 0.003600872865376875
240.0 0.45313256188849155 30.49116062871379 3.7836314966736615
241.0 0.15472162199981584 1.9999996125401183 0.9808140254117022
242.0 0.3852052050452677 27.332737818714616 4.637380435397717
243.0 0.9193363129056337 26.722839911640598 0.38744493173069805
244.0 0.33062705230057776 7.991796138073804 1.743372906450944
245.0 0.7521065260641293 88.17424019561045 2.7613958884517915
246.0 3.3328726322967763 16.468254305285427 3.5555132401837077E-6
247.0 0.6695587791524913 139.35039246067797 6.382497272358764
248.0 0.4838297505967273 68.24529601639395 7.352130728967946
249.0 0.4574141623493939 38.03424338808898 4.627500310820102
250.0 0.6053178085389121 211.89937641743933 13.046501291087502
251.0 1.1480013831139328 31.19255224574919 0.1577786169970411
252.0 0.43596970203390834 41.24108802108974 5.538481510800181
253.0 0.8417490072082146 47.68430287511603 0.988274121771441
254.0 0.9709672944751336 24.865988515694596 0.28423080153583935
255.0 0.7465402324915137 32.86415265561824 1.0559466440037595
256.0 1.634277386204812 15.094754188785956 0.008133383918853791
257.0 0.9916704469553504 27.78321045229147 0.28869651060666296
258.0 0.6796573905979731 23.99299474195475 1.048985965215231
259.0 0.5611537345092703 2.418167140641072 0.18246469538715995
260.0 0.5285960341326646 39.173847395785714 3.434030585338645
261.0 0.49616263036054037 34.69232574099654 3.531084860156505
262.0 5.005792105975702 1.0270325592988587 1.0E-10
263.0 0.6934123148443729 221.78745171116043 9.101486752793319
264.0 0.4486631024868458 2.471372067463623 0.31304871742943485
265.0 0.17483613100203757 11.402062660995858 5.096959249274467
266.0 1.4797355498781697 52.700463084311735 0.05785532421428231
267.0 1.5041528836035625 31.347445428816954 0.030753630197186552
268.0 5.1009073470829165 8.892190455350057 5.587197994454857E-10
269.0 0.3327827839842404 10.059150112565202 2.172679772859074
270.0 0.2881534969655104 8.960408214149744 2.3769541337842552
271.0 0.34167522479841006 2.895775082053885 0.6003636331689902
272.0 0.3038441070892681 30.67288220992698 7.569485696512081
273.0 0.8137856040208834 40.02723787486651 0.9435923561838379
274.0 0.6527239090005356 48.22039533046136 2.3866182022620435
275.0 0.7177391001606296 53.45345357513847 1.9610902001996953
276.0 0.8186593618473567 42.5118790748242 0.9799221579445057
277.0 0.6961496337427301 219.65635531542972 8.901116920355134
278.0 0.6903715757628541 23.09640556463089 0.961172297962236
279.0 1.052231704227947 22.08897162961938 0.17366491533779288
280.0 0.08081506215245914 10.39786484248075 7.166614494908188
281.0 0.4776168936262392 214.23708373768346 23.749849434732624
282.0 0.4530655338138758 52.42591539516462 6.507511656070286
283.0 0.40834955532906003 8.999415026369809 1.3725089021865258
284.0 2.9892111767499037 18.99999127305159 1.9967838156810657E-5
285.0 2.9892111767499037 18.99999127305159 1.9967838156810657E-5
286.0 2.9892111767499037 18.99999127305159 1.9967838156810657E-5
287.0 2.9892111767499037 18.99999127305159 1.9967838156810657E-5
288.0 2.9892111767499037 18.99999127305159 1.9967838156810657E-5
289.0 0.8154106255141184 39.54328062625337 0.9252337063708317
290.0 1.393390875515277 38.7132086214213 0.06325245945285718
291.0 2.5148598832166353 23.471255928194836 2.1918789331798556E-4
292.0 1.0950751800802454 46.944107644253485 0.30299169723049796
293.0 0.45351245010256125 58.35858081834733 7.229026584279658
294.0 0.27844178019501636 24.14297206258504 6.697414397930921
295.0 0.4067245176872756 95.47521370385857 14.670388122180515
296.0 0.958645081143598 36.84181834373873 0.4457084774893167
297.0 -0.0018568245460090288 1.9363195558855684 1.9529480044832246
298.0 0.5056069782971121 52.0158642404178 5.068994990960687
299.0 0.5856558937333884 95.15500486312574 6.413865498138437
300.0 1.0189102601331308 4.4843586272737905 0.04110359585860222
