300
2
1.0 -4.149478310387632
2.0 -4.14418183006678
3.0 -4.151395406387753
4.0 -4.132952561319158
5.0 -4.138539209179752
6.0 -4.1262634949249755
7.0 -4.123287593494677
8.0 -4.122963324988894
9.0 -4.12599265446895
10.0 -4.142117120643213
11.0 -4.136377284153362
12.0 -4.1320314219864205
13.0 -4.114062516163844
14.0 -4.135002744941899
15.0 -4.128954414676642
16.0 -4.174775555997864
17.0 -3.4158061195797123
18.0 -4.1378351815905745
19.0 -4.149453988290891
20.0 -4.157803971651281
21.0 -4.147245555850102
22.0 -4.113646382687561
23.0 -4.141468710270155
24.0 -4.134686838424916
25.0 -4.1231334509986866
26.0 -4.132226260654243
27.0 -4.135206424443586
28.0 -4.140976668737574
29.0 -4.129349377979685
30.0 -4.128860253836511
31.0 -4.128991255158017
32.0 -4.12984338796601
33.0 -4.143702939974264
34.0 -4.148623245918791
35.0 -1.994923854596122
36.0 -2.070767824451697
37.0 -2.3110311792428435
38.0 -1.719735562695486
39.0 -2.8617856175932337
40.0 0.7244272266906363
41.0 -1.466862571291913
42.0 2.772838314404745
43.0 2.772838314404745
44.0 -1.934939040979266
45.0 -4.4634373540303836
46.0 -5.862137914097088
47.0 -2.0247209052347666
48.0 -2.41564747518426
49.0 -1.049623416938689
50.0 -4.02421361629975
51.0 -5.239912421715323
52.0 -3.936140833326108
53.0 -2.0855561805718366
54.0 -1.8967060834172809
55.0 -1.9540301923109895
56.0 -1.5006396934848916
57.0 -2.7200169246517034
58.0 -0.18534949494176808
59.0 -2.4275202618509493
60.0 -1.3783708136845976
61.0 -2.382931692386071
62.0 -2.073866776097124
63.0 -0.8730547649632932
64.0 -2.1476798475930896
65.0 -1.6178301305839555
66.0 -3.1551117016267884
67.0 -2.08629710854151
68.0 -2.5336165715005046
69.0 -2.124397117319116
70.0 -3.2389588523695507
71.0 -3.9188219478353523
72.0 -2.609380874858946
73.0 -1.5478149455025896
74.0 -1.0595301322586739
75.0 -1.5133516918477756
76.0 -1.2866501112780915
77.0 -1.6036024803689581
78.0 -1.5251937016949024
79.0 -1.8060812604090646
80.0 -3.099377522563273
81.0 -2.460616710576782
82.0 -5.385698592119177
83.0 -3.752116646395512
84.0 -4.290718233002385
85.0 -4.574785096680396
86.0 -2.5130100189354567
87.0 -2.3904217891628585
88.0 -3.9764803609310513
89.0 -6.488308662834565
90.0 -2.5804308578204678
91.0 -2.446716249116274
92.0 -1.6390791528946085
93.0 -1.9206964420382133
94.0 -1.9448253176935273
95.0 -1.3038212978078259
96.0 -3.2275158660415513
97.0 -3.26312353889773
98.0 -1.044365335055493
99.0 -1.3110997712291672
100.0 -4.266637865236835
101.0 -2.503516315127887
102.0 -3.8614712855437627
103.0 -4.051136235506416
104.0 -2.2980644541330313
105.0 -1.6783439937511802
106.0 -2.2573629361015666
107.0 -2.4599358928961035
108.0 -2.0085030123879357
109.0 -2.822096246607303
110.0 -5.8580016718174
111.0 -4.507732160208493
112.0 -1.6454747853421618
113.0 3.503613493523443
114.0 -3.4720613011139734
115.0 -1.592297106451103
116.0 -3.236670262427415
117.0 -1.6960092079853115
118.0 -3.8365461836916617
119.0 -5.175483983658989
120.0 -5.8580016718174
121.0 -5.8580016718174
122.0 -5.8580016718174
123.0 -5.8580016718174
124.0 -5.8580016718174
125.0 5.499999999987975
126.0 5.499999999987975
127.0 5.499999999987975
128.0 5.47712125472097
129.0 5.499999999987975
130.0 5.499999999987975
131.0 5.47712125472097
132.0 5.499999999987975
133.0 5.499999999987975
134.0 5.477121254718558
135.0 5.499999999985803
136.0 5.499999999985803
137.0 5.499999999985803
138.0 5.499999999985803
139.0 5.499999999985803
140.0 5.499999999985803
141.0 5.499999999985803
142.0 5.499999999985803
143.0 -5.8580016718174
144.0 -3.093147409563802
145.0 -4.316172474947049
146.0 -1.3924896469343775
147.0 -4.692177720807272
148.0 -2.5813090994352654
149.0 -1.9913349245341643
150.0 2.096443557492866
151.0 -1.6053565803459704
152.0 -5.611338219416592
153.0 -1.343014599485359
154.0 -4.733357933557238
155.0 -4.521522974879093
156.0 -3.6938946211942216
157.0 -2.8027275501768387
158.0 -3.2766449541745297
159.0 -1.1984113269519256
160.0 -5.562894254614596
161.0 -1.599166122238898
162.0 -2.927177057755722
163.0 -1.0317818287338871
164.0 -3.8047091079444137
165.0 -2.5958522746220845
166.0 -2.2883377599705352
167.0 -2.8999110475144247
168.0 -1.8185709622091821
169.0 -2.759029344577849
170.0 -4.050857485436248
171.0 -2.3841405169635017
172.0 -2.8808928872763704
173.0 -1.3027791622429359
174.0 -0.5463325714175606
175.0 -5.8580016718174
176.0 -5.8580016718174
177.0 -5.8580016718174
178.0 -5.8580016718174
179.0 -5.8580016718174
180.0 -5.8580016718174
181.0 -5.8580016718174
182.0 -5.410812249525106
183.0 -2.3329856875477897
184.0 -2.175937410452007
185.0 -0.7254703061694495
186.0 3.5565215200450964
187.0 -5.8580016718174
188.0 -3.625414145132174
189.0 -5.1242592662747715
190.0 -1.58688411813913
191.0 -0.9703897949261886
192.0 -1.1284725415329908
193.0 -2.2189337920953753
194.0 -3.073116234622561
195.0 -1.6575191457891993
196.0 -1.0356546277669423
197.0 -2.133633916501568
198.0 -1.5854960613167641
199.0 -1.9131703735589347
200.0 -1.4279041332022218
201.0 -3.7148755410053553
202.0 1.4353471962633648
203.0 -2.7578197210487843
204.0 -2.826107686689911
205.0 -1.8187739780638055
206.0 -1.9357099249508067
207.0 -1.9371612231816995
208.0 -2.780646969784706
209.0 -4.249298553609058
210.0 -5.862137934799016
211.0 -2.120782979680801
212.0 -2.008058220336238
213.0 -0.5061820549705914
214.0 -0.6364086392452345
215.0 0.0078094304633776115
216.0 -2.5069886190079496
217.0 -1.613134537667512
218.0 -2.1519272869946917
219.0 -1.4821189471568381
220.0 -1.425766713484403
221.0 -2.807861750711082
222.0 -2.374434825733713
223.0 -2.022474625070604
224.0 -1.5271263676239246
225.0 -2.242381989087059
226.0 -3.3002871427595095
227.0 -3.7370550586754296
228.0 -2.5249974703901916
229.0 -2.6277358433202207
230.0 -1.1589742117827553
231.0 -3.369854626652818
232.0 -3.9508330582257685
233.0 -1.0538557749767108
234.0 -5.15049908600072
235.0 -2.224485131843693
236.0 -4.680100992778074
237.0 -1.374970617337177
238.0 -3.4528336142465843
239.0 -6.509092032302264
240.0 -3.455026723534326
241.0 -5.568742931470221
242.0 -3.020072499817969
243.0 -2.4719332759599704
244.0 -3.1910393895911016
245.0 -1.0861320767380962
246.0 -2.103770250752076
247.0 -1.470035715231758
248.0 -2.351336597976967
249.0 -2.7818982608099545
250.0 -1.914052540643341
251.0 -0.6190453816292905
252.0 -3.316050120907143
253.0 -1.7515842838194162
254.0 -0.8739875729676961
255.0 -4.749012329713286
256.0 -5.451543212078228
257.0 -2.886515404674834
258.0 -1.8110596696073176
259.0 -0.9767971363144188
260.0 -2.110604980162948
261.0 -1.7581515098265639
262.0 1.1451128194652832E-7
263.0 -1.7029632043189538
264.0 -5.420443050361382
265.0 -2.206172054590422
266.0 -2.208542057100243
267.0 -1.4233579640787162
268.0 -3.3182940437599147
269.0 -3.654246259833797
270.0 -6.006506759956468
271.0 -2.291820355304281
272.0 -3.2594411377172574
273.0 -3.9795887139496164
274.0 -2.011740943305981
275.0 -3.020987451256057
276.0 -1.816316205696848
277.0 -1.4194936718406037
278.0 -1.7570045512686736
279.0 -3.81312514038322
280.0 -1.6860351324558494
281.0 -1.8972846170173818
282.0 -2.659072678643869
283.0 -3.987392615760228
284.0 -5.8580016718174
285.0 -5.8580016718174
286.0 -5.8580016718174
287.0 -5.8580016718174
288.0 -5.8580016718174
289.0 -2.3587152735213963
290.0 -0.40299143565906914
291.0 -1.5896573769060596
292.0 -2.037414211832893
293.0 -1.728356350796246
294.0 -4.390015456212272
295.0 -2.0126117218451607
296.0 -2.4659378651959485
297.0 -2.302448854031906
298.0 -2.8723993259181735
299.0 -2.506313200250013
300.0 -4.102385101141261
