300
2
1.0 -4.279564218884323
2.0 -4.269334648809195
3.0 -4.292331804909185
4.0 -4.2501596871479626
5.0 -4.2624715209487904
6.0 -4.239824443426114
7.0 -4.2367559257795175
8.0 -4.232930579025756
9.0 -4.2376345829633575
10.0 -4.271856338240513
11.0 -4.259838846310598
12.0 -4.25118816037156
13.0 -4.2185739291485564
14.0 -4.254946007795031
15.0 -4.244860509065535
16.0 -4.326074287924231
17.0 -3.760351335033514
18.0 -4.260818266527114
19.0 -4.283882481356938
20.0 -4.2983750564646765
21.0 -4.2784470356475195
22.0 -4.216305473208763
23.0 -4.26871521820376
24.0 -4.254386010424107
25.0 -4.235024979817524
26.0 -4.252125421724491
27.0 -4.256407105430671
28.0 -4.267490207447637
29.0 -4.244998885877681
30.0 -4.242864509333453
31.0 -4.245920800995482
32.0 -4.249510000675463
33.0 -4.27023858172716
34.0 -4.279093281159822
35.0 -1.694278717471502
36.0 -1.4194466650363498
37.0 -1.9568562621981747
38.0 -1.6880631000422865
39.0 -1.8459386438390748
40.0 1.9421526140077252
41.0 -1.309914274147258
42.0 3.523931837950713
43.0 3.523931837950713
44.0 -1.7914486402553746
45.0 -2.9100026643446837
46.0 -5.862113990909387
47.0 -1.9349958020759377
48.0 -1.5332151050274259
49.0 -0.5487665637029913
50.0 -2.7909976674899304
51.0 -3.368669388200679
52.0 -2.4165214261676367
53.0 -1.6147779002053482
54.0 -1.8458647219828044
55.0 -1.6960583219612895
56.0 -1.2000778151401372
57.0 -2.0690959136836904
58.0 0.04365639922954516
59.0 -2.0823125749691296
60.0 -1.2491521968305284
61.0 -1.2555772458481416
62.0 -1.784039387727616
63.0 -0.8615702050252737
64.0 -1.0969046544936987
65.0 -1.2383368508514172
66.0 -2.1852483074404083
67.0 -1.1770660676708014
68.0 -2.1134265060217095
69.0 -1.9764046810116684
70.0 -2.3526648326479935
71.0 -2.7443667668166403
72.0 -2.1570837023576486
73.0 -1.1561173927698605
74.0 -0.559056132209643
75.0 -1.4720089732306434
76.0 -1.1146135198598346
77.0 -1.2747245459581464
78.0 -1.5201026228396315
79.0 -1.6571441331866044
80.0 -2.2596136649734846
81.0 -2.0717636419594125
82.0 -2.682156268434695
83.0 -2.8008127372030827
84.0 -2.8834102571017306
85.0 -2.852789690926892
86.0 -1.3957704587882807
87.0 -2.014348645184304
88.0 -2.8287543988774835
89.0 -6.443807170892971
90.0 -2.049586627693882
91.0 -1.6966806290663832
92.0 -0.8530829418868611
93.0 -1.344841809652886
94.0 -1.2990608956471494
95.0 -0.8343261544990179
96.0 -1.7251763445153607
97.0 -2.366643019636825
98.0 -0.9958396175993295
99.0 -1.2323330788988682
100.0 -2.4479923292365044
101.0 -1.9620233009561023
102.0 -2.697395232383304
103.0 -2.740261874078015
104.0 -1.9792234030030318
105.0 -1.35272836199589
106.0 -1.9147306921478742
107.0 -2.0459587074857133
108.0 -1.7830939153782974
109.0 -2.115738009008626
110.0 -5.8580016718174
111.0 -3.40340173125249
112.0 -1.123338540540716
113.0 3.8597433619884596
114.0 -2.494136692374701
115.0 -1.5689619420988277
116.0 -2.2107369759706956
117.0 -1.6066205341555613
118.0 -2.607563873870149
119.0 -3.1697278743758353
120.0 -5.8580016718174
121.0 -5.8580016718174
122.0 -5.8580016718174
123.0 -5.8580016718174
124.0 -5.8580016718174
125.0 3.013992985976265
126.0 3.013992985976265
127.0 3.013992985976265
128.0 2.991127908921129
129.0 3.013992985976265
130.0 3.013992985976265
131.0 2.991127908921129
132.0 3.013992985976265
133.0 3.013992985976265
134.0 5.477113993710558
135.0 5.499979070765695
136.0 5.499979070765695
137.0 5.499979070765695
138.0 5.499979070765695
139.0 5.499979070765695
140.0 5.499979070765695
141.0 5.499979070765695
142.0 5.499979070765695
143.0 -5.8580016718174
144.0 -2.3360509788058703
145.0 -2.8493916461629127
146.0 -1.370321723790879
147.0 -3.074881027520145
148.0 -2.1210755778092256
149.0 -1.878008307643846
150.0 3.0494353443095465
151.0 -1.2200123434431316
152.0 -2.896483497045711
153.0 -0.9857025518494797
154.0 -3.0300505810092355
155.0 -2.9380498511776083
156.0 -2.592641111894471
157.0 -2.2242111658350963
158.0 -2.428123601851975
159.0 -0.6842355909537522
160.0 -3.68563581242998
161.0 -1.559121115156324
162.0 -1.5742312652931925
163.0 -0.8940222583139813
164.0 -2.660509387114264
165.0 -2.1260014015847006
166.0 -1.4912966812944117
167.0 -1.6181479375214456
168.0 -1.7177919245488937
169.0 -2.1631585644354936
170.0 -2.726975796332009
171.0 -2.073441238176093
172.0 -2.272659483063473
173.0 -1.0018756270028657
174.0 -0.2436121088901765
175.0 -5.8580016718174
176.0 -5.8580016718174
177.0 -5.8580016718174
178.0 -5.8580016718174
179.0 -5.8580016718174
180.0 -5.8580016718174
181.0 -5.8580016718174
182.0 -3.17540055625378
183.0 -1.5716021921576162
184.0 -1.5264470710064084
185.0 -0.694386982952456
186.0 3.906255865694193
187.0 -5.8580016718174
188.0 -2.1989396090014166
189.0 -2.4208637534064725
190.0 -1.2443365802604471
191.0 -0.6374869805605152
192.0 -0.7594751934162831
193.0 -1.8588390111131252
194.0 -2.3305892329274176
195.0 -1.64940717510423
196.0 -1.0290786261845968
197.0 -1.6118544139170403
198.0 -0.9790380388851296
199.0 -1.3919695037690984
200.0 -0.7712509615423906
201.0 -2.2119077055977647
202.0 2.9385670209412154
203.0 -2.10287681828959
204.0 -2.1027130469644577
205.0 -1.505782649790655
206.0 -1.7940659018125733
207.0 -1.7665755273137862
208.0 -2.2155946138615135
209.0 -2.8428089316698903
210.0 -5.862137658405538
211.0 -1.2666093269193837
212.0 -1.5429389803985254
213.0 -0.5029868369681177
214.0 -0.6309687297680233
215.0 1.8672649080646622
216.0 -1.9809015955961526
217.0 -1.5496514166245585
218.0 -1.8787242632016994
219.0 -1.1395163157586072
220.0 -0.6830992989296081
221.0 -2.2382311944562936
222.0 -2.0727142912408985
223.0 -1.7842607680265725
224.0 -1.3639916253143485
225.0 -1.7544452212693473
226.0 -2.4332909904576603
227.0 -2.568674834045746
228.0 -2.1252746549426536
229.0 -2.235783011754261
230.0 -1.1541619818093443
231.0 -2.43201679353327
232.0 -2.767828007327021
233.0 -1.0367589157183386
234.0 -3.8391243110706315
235.0 -1.903928958830038
236.0 -2.9915338031783154
237.0 -1.1987198141457345
238.0 -2.3102905580171105
239.0 -6.492234259085983
240.0 -2.4598147237826384
241.0 -3.4572323724488725
242.0 -2.3404173003557456
243.0 -1.6016146241437554
244.0 -2.338070016126386
245.0 -1.0747349723088473
246.0 -1.1283420650762375
247.0 -1.4143112192912672
248.0 -1.9730142817738023
249.0 -2.3259976819421686
250.0 -1.6048230507978474
251.0 -0.5985017541735326
252.0 -2.4266038238993617
253.0 -1.3323461239218606
254.0 -0.4899306861392001
255.0 -2.9867731392948977
256.0 -4.544484448326439
257.0 -1.605401935104639
258.0 -1.5763526621575725
259.0 -0.7624216685899181
260.0 -1.841731545782915
261.0 -1.7122618850363176
262.0 0.6680039599147837
263.0 -1.4277878091608256
264.0 -4.0985091229108574
265.0 -1.8943766083185236
266.0 -1.2356919240776179
267.0 -0.46702923129367724
268.0 -2.114353168934011
269.0 -2.5061008596359424
270.0 -3.6920053250112543
271.0 -1.985525067646431
272.0 -2.375262829633099
273.0 -2.6570187848919593
274.0 -1.6161451185329994
275.0 -1.9922809803324146
276.0 -1.453472373934795
277.0 -1.3445508484629307
278.0 -1.3233989539835773
279.0 -2.2681307590550777
280.0 -1.6785987878159938
281.0 -1.724996318790851
282.0 -2.0833951509322723
283.0 -2.7840620582846016
284.0 -5.8580016718174
285.0 -5.8580016718174
286.0 -5.8580016718174
287.0 -5.8580016718174
288.0 -5.8580016718174
289.0 -1.4524242166671122
290.0 -0.4003621729760955
291.0 -0.783986200271006
292.0 -1.565920166499019
293.0 -1.3586108445386098
294.0 -2.886457614612509
295.0 -1.7653407748344874
296.0 -1.3224087649810543
297.0 -1.9337010860031472
298.0 -2.2021592916295094
299.0 -2.0077854714926002
300.0 -2.3573549587250646
