300
2
1.0 -4.105819148037246
2.0 -4.102803300027716
3.0 -4.102218074349881
4.0 -4.095830136387535
5.0 -4.0985801556850525
6.0 -4.091598142658163
7.0 -4.089385645965374
8.0 -4.090166718385084
9.0 -4.09204543935226
10.0 -4.099688345328652
11.0 -4.096709797894258
12.0 -4.094661341472062
13.0 -4.084476779714668
14.0 -4.096736232404868
15.0 -4.093169681104094
16.0 -4.120771427089434
17.0 -3.2642716618073226
18.0 -4.098232570972037
19.0 -4.1045389492918405
20.0 -4.109822684179262
21.0 -4.103728520816706
22.0 -4.084706351736296
23.0 -4.100087535057317
24.0 -4.096724487536164
25.0 -4.089796465967711
26.0 -4.09465392144464
27.0 -4.096561067785644
28.0 -4.099855699486195
29.0 -4.093325481309025
30.0 -4.093724831457814
31.0 -4.093084853085859
32.0 -4.092589661956554
33.0 -4.1019006941781155
34.0 -4.104856317730773
35.0 0.9327695548467815
36.0 1.137354754330469
37.0 0.7933701957064281
38.0 0.9664800148442894
39.0 3.7738692824614173
40.0 5.520208223887732
41.0 1.0410490323699535
42.0 5.350478682392165
43.0 5.350478682392165
44.0 0.7704051054239506
45.0 0.8744007733383925
46.0 5.310423237823857
47.0 0.9923816532816208
48.0 2.5583608220478595
49.0 2.9100184216659097
50.0 1.2331896051125188
51.0 1.0465475057310691
52.0 5.627635835179729
53.0 1.1376971230857924
54.0 1.031984195477297
55.0 0.9603467392930619
56.0 1.7002660807818992
57.0 1.0109535236016471
58.0 1.3540493331381365
59.0 1.0430459962323255
60.0 0.9823082855590238
61.0 5.670797984172893
62.0 0.8640640424526674
63.0 1.9354861762255313
64.0 4.15156310657668
65.0 1.9413502350744962
66.0 2.4668597394729512
67.0 2.696598500056931
68.0 1.0401599377216357
69.0 0.9943334950459277
70.0 0.8512642716512909
71.0 0.8115617287623005
72.0 0.993089972336466
73.0 1.215768920934157
74.0 2.029235077191693
75.0 0.8277502547840858
76.0 1.159901186864562
77.0 1.3867158797990866
78.0 0.6737262298111912
79.0 0.6482992940928827
80.0 0.8890749332964821
81.0 0.9772162905454684
82.0 4.808185003556449
83.0 1.0647460960594408
84.0 1.3514070248610717
85.0 1.323517953948917
86.0 1.3034658208944843
87.0 0.7971808031234208
88.0 1.1139727399120676
89.0 -3.7763360086395616
90.0 0.5284195066914066
91.0 1.2921965759506706
92.0 2.979608298311629
93.0 1.263070613560497
94.0 1.2561691502634622
95.0 1.754960452669945
96.0 2.7592251438453563
97.0 0.8541517940875232
98.0 1.070427459629272
99.0 1.0927135663636693
100.0 2.037314293307807
101.0 0.3314230137515525
102.0 1.203681332611257
103.0 0.9210189318428718
104.0 0.7274644297489742
105.0 1.0638269210298166
106.0 0.955997450173868
107.0 0.921341755646968
108.0 1.0130254385505706
109.0 1.0423058472822893
110.0 5.627636252551653
111.0 1.380534434777984
112.0 2.274130015930552
113.0 5.557944097884364
114.0 0.9152268698073954
115.0 0.9272831075185762
116.0 1.0797921982832004
117.0 0.98560992847088
118.0 0.9318566558915072
119.0 0.5270742816070834
120.0 5.639376800476414
121.0 5.639376800476414
122.0 5.639376800476414
123.0 5.639376800476414
124.0 5.639376800476414
125.0 -4.703418357056748
126.0 -4.703418357056748
127.0 -4.703418357056748
128.0 -4.703418357056777
129.0 -4.703418357056748
130.0 -4.703418357056748
131.0 -4.703418357056777
132.0 -4.703418357056748
133.0 -4.703418357056748
134.0 4.532339092800402E-15
135.0 3.394432682267305E-14
136.0 3.394432682267305E-14
137.0 3.394432682267305E-14
138.0 3.394432682267305E-14
139.0 3.394432682267305E-14
140.0 3.394432682267305E-14
141.0 3.394432682267305E-14
142.0 3.394432682267305E-14
143.0 5.639376800476414
144.0 1.1034318319224088
145.0 1.1884232083735702
146.0 0.6525226298009849
147.0 1.1378979783928624
148.0 0.9013704161299985
149.0 0.9471509821946084
150.0 5.84935996859403
151.0 0.9310844117206564
152.0 1.2321485994774335
153.0 1.0830608049418344
154.0 1.0046651939084548
155.0 1.0620492744110905
156.0 1.0844630042637664
157.0 1.0126714752631538
158.0 0.9912925108478943
159.0 1.3525805405896278
160.0 1.6058163375193137
161.0 0.9075190149978501
162.0 0.9964125171246683
163.0 1.0151184442445027
164.0 1.1659295672275507
165.0 1.129102857074251
166.0 1.233107499302173
167.0 2.608525105107624
168.0 0.75550741089759
169.0 1.1036330902590208
170.0 1.0217207847105263
171.0 1.0769555920331477
172.0 0.9796156948996582
173.0 1.1052098282719323
174.0 1.0882892839253135
175.0 5.639376800476414
176.0 5.639376800476414
177.0 5.639376800476414
178.0 5.639376800476414
179.0 5.639376800476414
180.0 5.639376800476414
181.0 5.639376800476414
182.0 3.9209287885315387
183.0 1.3618570291343228
184.0 3.0991574980061865
185.0 1.7454769329958426
186.0 5.805118566169275
187.0 5.627636252551653
188.0 2.313333484211664
189.0 5.650482838083051
190.0 1.305132497324363
191.0 1.1313958824095285
192.0 5.532032734328867
193.0 0.9375150600819461
194.0 1.1372289974814964
195.0 0.6141801154671958
196.0 1.2269682253866123
197.0 1.1505332788055922
198.0 1.6753494408982468
199.0 1.0907064116799983
200.0 1.3138692541965924
201.0 5.505963595790706
202.0 5.806288933453529
203.0 1.0266634099448224
204.0 1.2220147469986709
205.0 1.0130418905127643
206.0 1.0318411736168083
207.0 1.1001966195796984
208.0 1.0575249891948582
209.0 0.4551731735705476
210.0 5.63937680001341
211.0 2.104603938430864
212.0 1.2048428778827607
213.0 1.0076082722316075
214.0 0.7517975836324089
215.0 5.539590623014493
216.0 0.9593327574740762
217.0 0.8500174272345289
218.0 0.8660960353207441
219.0 1.1920467374798092
220.0 4.760340101037156
221.0 0.918550431491468
222.0 1.050305000729054
223.0 0.9543436710506529
224.0 1.0065865647551822
225.0 1.349302843475549
226.0 1.378281414426507
227.0 1.04536394673777
228.0 0.9554982123449756
229.0 0.6834600957589773
230.0 2.0258946487700227
231.0 1.5326434313483897
232.0 1.326025255765922
233.0 1.1194442145243961
234.0 5.476040386048111
235.0 0.7452114491002516
236.0 0.9830663242076506
237.0 1.0894999053981953
238.0 1.1122569560599447
239.0 -3.609718858100368
240.0 1.0481578761519317
241.0 0.7861879614041278
242.0 0.9491211787375919
243.0 1.9367774436144303
244.0 0.7897323966222785
245.0 1.1354586588912676
246.0 5.649931407555406
247.0 1.2225136535393208
248.0 0.9834740252590667
249.0 1.0608892434389723
250.0 1.2088511113301341
251.0 1.6890468945123807
252.0 1.0768434886447253
253.0 1.1336361938819643
254.0 2.056083577469998
255.0 1.590692240200456
256.0 4.619584192180534
257.0 2.4933664531369333
258.0 1.0650379274225954
259.0 1.2673795437063282
260.0 0.9029818865404222
261.0 0.9610864083065366
262.0 5.3890756251918015
263.0 1.2242417462982345
264.0 1.735301986862588
265.0 0.6039382876720353
266.0 3.421924453399549
267.0 3.563309502152433
268.0 5.520675034060082
269.0 0.8838852992623945
270.0 1.0980998448466766
271.0 0.627522730024733
272.0 0.8941175211621342
273.0 1.3938652036124806
274.0 1.13572572366208
275.0 1.4052910311835878
276.0 1.1701799414931233
277.0 1.2144891056422777
278.0 1.4031407530804618
279.0 1.9385689891067501
280.0 0.5442768246014837
281.0 1.0443212125806627
282.0 0.9897853280051961
283.0 0.9433002488968403
284.0 5.639376800476414
285.0 5.639376800476414
286.0 5.639376800476414
287.0 5.639376800476414
288.0 5.639376800476414
289.0 1.1522999011691248
290.0 2.2095765169547463
291.0 5.1368615869239305
292.0 1.8546433044642794
293.0 0.9040829726191136
294.0 0.981143800634644
295.0 0.9246194524317275
296.0 1.525147117060064
297.0 0.25503378400013776
298.0 1.1040481153624966
299.0 1.1480300796951057
300.0 2.860553413749577
