300
2
1.0 -6.387648928401177
2.0 -6.347528718478101
3.0 -6.442864437563811
4.0 -6.340825362723206
5.0 -6.415550222736371
6.0 -6.380390158520301
7.0 -6.439394486639407
8.0 -6.370114889145972
9.0 -6.35056237930198
10.0 -6.478503501762956
11.0 -6.414167796279959
12.0 -6.421972926758889
13.0 -6.38858725144131
14.0 -6.388700684382555
15.0 -6.399206353500771
16.0 -6.521632154322546
17.0 -6.3473202784617015
18.0 -6.413866316974287
19.0 -6.488238881952622
20.0 -6.504204802617059
21.0 -6.437018616814624
22.0 -6.361449142157128
23.0 -6.441375387385257
24.0 -6.398743564737044
25.0 -6.40926553417861
26.0 -6.434433538877014
27.0 -6.407748429961887
28.0 -6.439038017896564
29.0 -6.373610662163839
30.0 -6.365378302327212
31.0 -6.427535912093823
32.0 -6.455359354568179
33.0 -6.3976568554579885
34.0 -6.421468357840496
35.0 -0.845716910970743
36.0 -0.23687425969055376
37.0 -1.1406528661056619
38.0 -0.9525962677367832
39.0 0.10847902725194218
40.0 5.355498363703761
41.0 -0.43077386210892327
42.0 5.417168329657932
43.0 5.417168329657932
44.0 -1.0670472885549669
45.0 -1.0627656780504966
46.0 -0.3012318735966212
47.0 -0.9660306930308767
48.0 -0.23882866315469053
49.0 -0.07596570589869989
50.0 -1.0839559197925064
51.0 -1.1858390071348919
52.0 -0.28969634676599115
53.0 -0.572757261729707
54.0 -0.9524885057477825
55.0 -0.8258502614230567
56.0 -0.17349480043008933
57.0 -0.9017057455329109
58.0 0.6610992044445234
59.0 -0.9611379771774011
60.0 -0.37362098351446343
61.0 0.6546354342199566
62.0 -0.9812955790201457
63.0 -0.2854839943732291
64.0 0.24949975249219927
65.0 -0.213549350105729
66.0 -0.3204077044044645
67.0 0.078417707116132
68.0 -0.9841054385428412
69.0 -0.9109456502027458
70.0 -1.0911792942856688
71.0 -1.2332663770250243
72.0 -1.0620505213233251
73.0 -0.3371614533390611
74.0 0.23171238060295551
75.0 -0.9107586914921783
76.0 -0.3526901478150479
77.0 -0.10991222180631918
78.0 -1.006313611719393
79.0 -1.0951879734929009
80.0 -1.0574977096544387
81.0 -0.9512429890512409
82.0 0.12269496580553806
83.0 -1.082048899541839
84.0 -1.1379475474147085
85.0 -1.3918325054277998
86.0 0.23643001227659136
87.0 -1.089091700370491
88.0 -1.009831427316585
89.0 -6.34958849298328
90.0 -1.25960287746435
91.0 -0.4000520487201479
92.0 0.4588920469798575
93.0 -0.42262749334918637
94.0 -0.11308580048827427
95.0 0.021194542500729944
96.0 -0.09653311584987243
97.0 -1.026923480370699
98.0 -0.3231893455985159
99.0 -0.3974558336717829
100.0 -0.07996475353491549
101.0 -1.3853165183932006
102.0 -0.926234789250088
103.0 -1.2067552224958
104.0 -1.2298037801854214
105.0 -0.4270308364093783
106.0 -0.9437342473594872
107.0 -0.9307720580785389
108.0 -0.9453780930022784
109.0 -0.922088208691871
110.0 -0.30979224610158484
111.0 -0.5232291624357406
112.0 -0.18747584240764245
113.0 5.468165415589438
114.0 -1.2568161909796904
115.0 -0.9442604499324598
116.0 -0.3583986738030958
117.0 -0.8320898186211871
118.0 -1.10008798238263
119.0 -1.550755914453919
120.0 -0.29769415160699236
121.0 -0.29769415160699236
122.0 -0.29769415160699236
123.0 -0.29769415160699236
124.0 -0.29769415160699236
125.0 0.16382316343827424
126.0 0.16382316343827424
127.0 0.16382316343827424
128.0 0.13466816204514773
129.0 0.16382316343827424
130.0 0.16382316343827424
131.0 0.13466816204514773
132.0 0.16382316343827424
133.0 0.16382316343827424
134.0 5.05752594115556
135.0 5.086680942548686
136.0 5.086680942548686
137.0 5.086680942548686
138.0 5.086680942548686
139.0 5.086680942548686
140.0 5.086680942548686
141.0 5.086680942548686
142.0 5.086680942548686
143.0 -0.29769415160699236
144.0 -1.019120151019471
145.0 -1.2019220229360994
146.0 -0.991422896166689
147.0 -1.092791873494578
148.0 -0.9543093920915761
149.0 -0.9686610390257875
150.0 5.687740421391075
151.0 -0.3608862657147414
152.0 -0.09624342767965449
153.0 0.24537404513042463
154.0 -1.1206894758135006
155.0 -1.132268088879953
156.0 -1.0267584988699494
157.0 -1.055450566436658
158.0 -1.0882818563851588
159.0 -0.21838792570185248
160.0 -0.08928623058060693
161.0 -0.9282024555655829
162.0 0.060881186827730506
163.0 -0.2938635529633169
164.0 -1.0302655954053501
165.0 -1.2280809211517691
166.0 -0.14104298852793778
167.0 -0.12871205510915482
168.0 -0.9727146743753713
169.0 -0.9925013690530847
170.0 -1.156344229928254
171.0 -0.9473940383007707
172.0 -1.0649576885590872
173.0 -0.321553456366145
174.0 0.21806192303225266
175.0 -0.29769415160699236
176.0 -0.29769415160699236
177.0 -0.29769415160699236
178.0 -0.29769415160699236
179.0 -0.29769415160699236
180.0 -0.29769415160699236
181.0 -0.29769415160699236
182.0 -0.01505832658283546
183.0 -0.33021936313690137
184.0 -0.304810361494348
185.0 -0.07072987038179275
186.0 5.672802462679966
187.0 -0.30979224610158484
188.0 -0.13474413816887912
189.0 0.37838608792996076
190.0 -0.33435095040845797
191.0 0.11018392980633761
192.0 0.5200992476012
193.0 -1.0761856083969525
194.0 -1.1217366415045376
195.0 -1.0714723395148924
196.0 -0.3332797690489035
197.0 -0.3851413214948816
198.0 0.3531387643095038
199.0 -0.2063011862932846
200.0 0.5042131383803728
201.0 0.6379733217281071
202.0 5.642002912135
203.0 -1.1459381468608252
204.0 -0.933118265563959
205.0 -0.6372111812965415
206.0 -0.8632240340592856
207.0 -0.8528813298887822
208.0 -1.0175416516378526
209.0 -1.526852558144891
210.0 -0.3012429645016928
211.0 0.154394551015698
212.0 -0.36064822247425593
213.0 -0.31924615977212584
214.0 -0.44080693586856445
215.0 5.337550184048867
216.0 -0.9089777347387409
217.0 -0.9125802173546443
218.0 -0.9855002592438656
219.0 -0.17414617485575146
220.0 0.5597808701240296
221.0 -1.1663859406142163
222.0 -1.0062481085272699
223.0 -0.8877780253216877
224.0 -0.505461102238518
225.0 -0.5193455703480592
226.0 -0.9822811094849051
227.0 -1.0596955666945629
228.0 -1.0473015213239836
229.0 -1.164645637126123
230.0 -0.3827645088194727
231.0 -0.9653617335222964
232.0 -1.0404231697685582
233.0 -0.16663409901487045
234.0 0.24198052260548983
235.0 -1.2571747472516173
236.0 -1.2763628880323936
237.0 -0.32242390008273925
238.0 -0.5750945832147264
239.0 -6.363225350214096
240.0 -0.979696132079098
241.0 -1.4138078740854265
242.0 -1.0405316275898489
243.0 -0.37300125110887783
244.0 -1.1515605682781127
245.0 -0.5607740088868796
246.0 0.3999950668305731
247.0 -0.5547469817453734
248.0 -0.985678973368623
249.0 -1.0758607428669449
250.0 -0.5998232024015495
251.0 -0.1686074400530862
252.0 -1.0187436131556984
253.0 -0.2988198027125797
254.0 0.4580002067279601
255.0 -0.32660293263733925
256.0 0.1420500329961413
257.0 -0.12290145527972916
258.0 -0.6037312997401229
259.0 0.042158619144669014
260.0 -0.9582876933212251
261.0 -0.9708677812647546
262.0 5.170645924655574
263.0 -0.4034387594431672
264.0 -0.019263060228158012
265.0 -1.147233275846936
266.0 0.02749480000424202
267.0 0.7762237639989819
268.0 0.3373388335142436
269.0 -1.1168856331149302
270.0 -1.1995464807700287
271.0 -1.3297013144260474
272.0 -1.0701139980223533
273.0 -0.5849955193704127
274.0 -0.39352454304627316
275.0 -0.3593896240921652
276.0 -0.34685303422095115
277.0 -0.4727503572061843
278.0 -0.11933233558231213
279.0 -0.3551084171945216
280.0 -1.1507749449742057
281.0 -0.8480675165004867
282.0 -0.9746825028273421
283.0 -1.1988501235451796
284.0 -0.29769415160699236
285.0 -0.29769415160699236
286.0 -0.29769415160699236
287.0 -0.29769415160699236
288.0 -0.29769415160699236
289.0 -0.18871082097517072
290.0 0.05437989998004774
291.0 0.6852139645157521
292.0 -0.3106245278101379
293.0 -0.4577934836914795
294.0 -1.0314666916947042
295.0 -0.8974882297316196
296.0 0.3240090448909115
297.0 -1.3610166229104532
298.0 -0.9807724759941281
299.0 -0.8823214028671209
300.0 -0.11407691202278149
