300
2
1.0 -3.617179492148034
2.0 -3.625142715537372
3.0 -3.6048337925162173
4.0 -3.6252405001898307
5.0 -3.609757863158573
6.0 -3.615945229090806
7.0 -3.6027654721493705
8.0 -3.617826451334187
9.0 -3.6223650539814236
10.0 -3.5964052427882813
11.0 -3.609621370711402
12.0 -3.6075444853388263
13.0 -3.6127061034338808
14.0 -3.615140611672725
15.0 -3.6121353653674633
16.0 -3.5916070823417416
17.0 -2.2240571463474303
18.0 -3.6100053400179735
19.0 -3.595252685857571
20.0 -3.592925104942893
21.0 -3.6061175822877796
22.0 -3.6185858583061936
23.0 -3.604411727862141
24.0 -3.6130000117461747
25.0 -3.6093089450010805
26.0 -3.6048577189766275
27.0 -3.610976683849849
28.0 -3.604889551205251
29.0 -3.6176566260557346
30.0 -3.619570769980032
31.0 -3.606026964684308
32.0 -3.5999704384097564
33.0 -3.6142503200864846
34.0 -3.6097241436549856
35.0 0.36062951954081124
36.0 0.7390260536994602
37.0 0.28066508001450424
38.0 0.39595642955473115
39.0 1.665262362326894
40.0 5.143076004200771
41.0 0.5854306808949685
42.0 3.94444111304981
43.0 3.94444111304981
44.0 0.29512407560152415
45.0 0.4792894704176159
46.0 2.2701055336416567
47.0 0.44492520522039203
48.0 1.2096027707172317
49.0 1.4730125539037213
50.0 0.4793251248595389
51.0 0.3055544495838336
52.0 2.9764728932778204
53.0 0.6040999435975212
54.0 0.48684717606541184
55.0 0.39504569188087985
56.0 0.9328340874531176
57.0 0.4322525246511885
58.0 0.958851559288216
59.0 0.4928834894751536
60.0 0.6505681295143922
61.0 3.2288766308220302
62.0 0.37689517187680116
63.0 1.0848896094106235
64.0 1.9118118400273445
65.0 1.0664148373288744
66.0 1.352907218019188
67.0 1.4080615035827253
68.0 0.4639245297077375
69.0 0.5235374982844015
70.0 0.2917659557326977
71.0 0.21591752370463418
72.0 0.5007770180356155
73.0 0.6666045886784802
74.0 0.9193985414822794
75.0 0.4455432094393092
76.0 0.7078356762467809
77.0 0.7786928804914351
78.0 0.3310559011254494
79.0 0.2339749329502309
80.0 0.3206543035629462
81.0 0.3983447776315677
82.0 2.2194716680713404
83.0 0.5077389369578214
84.0 0.5455820286454979
85.0 0.46981920471075833
86.0 0.7976766690720057
87.0 0.2942079507038271
88.0 0.45558720810748854
89.0 -4.02328496063504
90.0 0.07766045697637085
91.0 0.8209642350070823
92.0 1.4446370359175842
93.0 0.6428231547483448
94.0 0.5953287565969615
95.0 0.8777070863592353
96.0 1.0276588863178837
97.0 0.44124481654658404
98.0 0.6785067109143819
99.0 0.6655473423679888
100.0 0.9499680478359891
101.0 -0.033931060116067724
102.0 0.5116363730378217
103.0 0.3859915595946191
104.0 0.27017796884009015
105.0 0.6288805907511618
106.0 0.41471975426948754
107.0 0.4293899666492101
108.0 0.5193411416835391
109.0 0.4553249530216773
110.0 2.977470631595111
111.0 0.7011205934014637
112.0 1.1903935823925147
113.0 5.465182157724746
114.0 0.3267055242170957
115.0 0.4388263707837074
116.0 0.49054669644659865
117.0 0.4328411667404165
118.0 0.3117835937509978
119.0 -0.07072422418469997
120.0 2.9892111767499077
121.0 2.9892111767499077
122.0 2.9892111767499077
123.0 2.9892111767499077
124.0 2.9892111767499077
125.0 -2.1157884009131336
126.0 -2.1157884009131336
127.0 -2.1157884009131336
128.0 -2.1157898592790017
129.0 -2.1157884009131336
130.0 -2.1157884009131336
131.0 -2.1157898592790017
132.0 -2.1157884009131336
133.0 -2.1157884009131336
134.0 9.378361101525142E-7
135.0 2.3962019780965865E-6
136.0 2.3962019780965865E-6
137.0 2.3962019780965865E-6
138.0 2.3962019780965865E-6
139.0 2.3962019780965865E-6
140.0 2.3962019780965865E-6
141.0 2.3962019780965865E-6
142.0 2.3962019780965865E-6
143.0 2.9892111767499077
144.0 0.5403445034887019
145.0 0.5443863100969392
146.0 0.2752026362897443
147.0 0.4517073249894529
148.0 0.3298613252943983
149.0 0.37672942923616626
150.0 5.735197631243695
151.0 0.491492171814423
152.0 0.5635343739523704
153.0 0.6650252392908652
154.0 0.30451955824009436
155.0 0.43535404497268504
156.0 0.4909589235230719
157.0 0.4586630893523775
158.0 0.48131974491163465
159.0 0.6207727788437586
160.0 0.44637562397447966
161.0 0.42045657678059006
162.0 0.7096548533223581
163.0 0.09970638860994252
164.0 0.4763833204687636
165.0 0.45492345272609547
166.0 0.6584511469893127
167.0 1.008504269997446
168.0 0.24151783159435536
169.0 0.5642553971014476
170.0 0.43157874136296054
171.0 0.4867600216872647
172.0 0.4985471120225476
173.0 0.678007855713057
174.0 0.5980146826222681
175.0 2.9892111767499077
176.0 2.9892111767499077
177.0 2.9892111767499077
178.0 2.9892111767499077
179.0 2.9892111767499077
180.0 2.9892111767499077
181.0 2.9892111767499077
182.0 1.4199332899861552
183.0 0.8272930265993984
184.0 1.7130909645497328
185.0 1.025918579803109
186.0 5.656651368200981
187.0 2.977470631595111
188.0 0.965057344615162
189.0 2.9233183423308398
190.0 0.8330026466849964
191.0 0.6795929051985863
192.0 4.146905125869282
193.0 0.5029048491353967
194.0 0.5271337387548438
195.0 0.20364979330272706
196.0 0.8377599790537383
197.0 0.5115081933983997
198.0 0.7274619132159552
199.0 0.5743534925354161
200.0 0.6642810550373186
201.0 2.1603239076096417
202.0 5.536675645632029
203.0 0.344931877781082
204.0 0.4444007590122907
205.0 0.4760438332193854
206.0 0.48043581181794254
207.0 0.5047835971214165
208.0 0.48055984231503673
209.0 -0.019442182125052488
210.0 2.988722164807849
211.0 1.1202693889346997
212.0 0.6426231401980498
213.0 1.224530054342341
214.0 0.6266789112737722
215.0 5.273228597051497
216.0 0.48145731931754565
217.0 0.32386895997239346
218.0 0.36473658328299574
219.0 0.9252243390611891
220.0 2.3098020539344
221.0 0.44950617048124436
222.0 0.5359256224679998
223.0 0.47949806727478456
224.0 0.6002312710813443
225.0 0.6894075285371474
226.0 0.6458119934482701
227.0 0.455515823466116
228.0 0.4249398763739508
229.0 0.2837973258400514
230.0 1.0497603095386352
231.0 0.7305208146328818
232.0 0.5920386450355165
233.0 0.8480164158685084
234.0 2.277236374524438
235.0 0.3904381856149543
236.0 0.41548554969643825
237.0 0.6636057573646527
238.0 0.5284510454965781
239.0 -3.7782038940874774
240.0 0.45313256188849965
241.0 0.15472162199982203
242.0 0.38520520504527644
243.0 0.9193363129056568
244.0 0.33062705230058664
245.0 0.7521065260641575
246.0 3.3328665250467298
247.0 0.6695587791525647
248.0 0.48382975059673744
249.0 0.4574141623494022
250.0 0.6053178085389919
251.0 1.1480013831139335
252.0 0.4359697020339254
253.0 0.8417490072082287
254.0 0.9709672944751765
255.0 0.7465402324915145
256.0 1.6342773862048123
257.0 0.9916704469553551
258.0 0.6796573905979749
259.0 0.5611537345092724
260.0 0.5285960341326739
261.0 0.4961626303606048
262.0 5.005792105975702
263.0 0.6934123148444173
264.0 0.448663102486846
265.0 0.17483613100204684
266.0 1.47973554987825
267.0 1.5041528836036966
268.0 5.100907347083063
269.0 0.3327827839843779
270.0 0.2881534969655294
271.0 0.34167522479854145
272.0 0.30384410708928905
273.0 0.8137856040209039
274.0 0.6527239090005387
275.0 0.717739100160645
276.0 0.818659361847377
277.0 0.6961496337428227
278.0 0.6903715757635595
279.0 1.0522317042279643
280.0 0.08081506215246638
281.0 0.4776168936262615
282.0 0.4530655338138921
283.0 0.4083495553290666
284.0 2.9892111767499077
285.0 2.9892111767499077
286.0 2.9892111767499077
287.0 2.9892111767499077
288.0 2.9892111767499077
289.0 0.8154106255141792
290.0 1.3933908755156574
291.0 2.5148597841568123
292.0 1.0950751800803367
293.0 0.45351245010257923
294.0 0.27844178019502486
295.0 0.4067245176872988
296.0 0.958645081143598
297.0 -0.0018568245460084207
298.0 0.505606978297143
299.0 0.5856558937334395
300.0 1.0189102601331372
